0.138208,0.064046,0.988330,0.247717
0.061517,0.995425,-0.073109,0.110260
-0.988491,0.070904,0.133636,0.154013
0.000000,0.000000,0.000000,1.000000
0.138208,0.064046,0.988330,0.247717
0.061517,0.995425,-0.073109,0.110260
-0.988491,0.070904,0.133636,0.154013
0.000000,0.000000,0.000000,1.000000
0.140978,0.063845,0.987952,0.247858
0.062750,0.995336,-0.073277,0.110323
-0.988022,0.072325,0.136314,0.154773
0.000000,0.000000,0.000000,1.000000
0.140978,0.063845,0.987952,0.247858
0.062750,0.995336,-0.073277,0.110323
-0.988022,0.072325,0.136314,0.154773
0.000000,0.000000,0.000000,1.000000
0.136823,0.064145,0.988517,0.247504
0.060901,0.995469,-0.073026,0.110166
-0.988722,0.070193,0.132296,0.153670
0.000000,0.000000,0.000000,1.000000
0.138303,0.064057,0.988316,0.247604
0.061305,0.995439,-0.073098,0.109755
-0.988491,0.070699,0.133745,0.154085
0.000000,0.000000,0.000000,1.000000
0.135529,0.058186,0.989063,0.247179
0.060076,0.995955,-0.066823,0.109567
-0.988950,0.068476,0.131486,0.153399
0.000000,0.000000,0.000000,1.000000
0.134594,0.049227,0.989677,0.247798
0.058431,0.996633,-0.057519,0.107575
-0.989177,0.065569,0.131265,0.153056
0.000000,0.000000,0.000000,1.000000
0.131187,0.043515,0.990402,0.248611
0.054811,0.997190,-0.051073,0.103873
-0.989841,0.060985,0.128433,0.152031
0.000000,0.000000,0.000000,1.000000
0.129662,0.043849,0.990588,0.250359
0.050474,0.997435,-0.050759,0.097458
-0.990273,0.056580,0.127116,0.151421
0.000000,0.000000,0.000000,1.000000
0.130135,0.044207,0.990510,0.252948
0.044769,0.997725,-0.050411,0.087020
-0.990485,0.050905,0.127859,0.151292
0.000000,0.000000,0.000000,1.000000
0.128544,0.049129,0.990486,0.254750
0.039856,0.997709,-0.054660,0.078988
-0.990903,0.046503,0.126291,0.150683
0.000000,0.000000,0.000000,1.000000
0.121213,0.051302,0.991300,0.256310
0.032346,0.997929,-0.055601,0.068397
-0.992099,0.038804,0.119303,0.148652
0.000000,0.000000,0.000000,1.000000
0.115135,0.054901,0.991832,0.258002
0.025113,0.997992,-0.058157,0.056276
-0.993032,0.031604,0.113525,0.146970
0.000000,0.000000,0.000000,1.000000
0.110160,0.055346,0.992372,0.258745
0.018767,0.998155,-0.057752,0.044079
-0.993737,0.024985,0.108918,0.145770
0.000000,0.000000,0.000000,1.000000
0.107880,0.054154,0.992688,0.259398
0.013306,0.998347,-0.055909,0.031994
-0.994075,0.019240,0.106981,0.145239
0.000000,0.000000,0.000000,1.000000
0.103815,0.056006,0.993018,0.259239
0.007978,0.998334,-0.057140,0.019922
-0.994565,0.013854,0.103196,0.144375
0.000000,0.000000,0.000000,1.000000
0.096440,0.054788,0.993830,0.258314
0.003108,0.998462,-0.055345,0.008324
-0.995334,0.008426,0.096122,0.142786
0.000000,0.000000,0.000000,1.000000
0.090375,0.055020,0.994387,0.257412
-0.001109,0.998478,-0.055145,-0.003159
-0.995907,0.003881,0.090298,0.141162
0.000000,0.000000,0.000000,1.000000
0.082621,0.052137,0.995216,0.255481
-0.004440,0.998640,-0.051948,-0.013730
-0.996571,-0.000127,0.082740,0.139590
0.000000,0.000000,0.000000,1.000000
0.080844,0.047692,0.995585,0.253515
-0.007712,0.998855,-0.047222,-0.024184
-0.996697,-0.003860,0.081120,0.139459
0.000000,0.000000,0.000000,1.000000
0.075911,0.044738,0.996110,0.251211
-0.010429,0.998974,-0.044072,-0.034511
-0.997060,-0.007042,0.076300,0.138240
0.000000,0.000000,0.000000,1.000000
0.069353,0.043275,0.996653,0.248104
-0.012692,0.999016,-0.042495,-0.045406
-0.997511,-0.009703,0.069834,0.137007
0.000000,0.000000,0.000000,1.000000
0.064267,0.044849,0.996924,0.244558
-0.014639,0.998924,-0.043996,-0.055706
-0.997825,-0.011766,0.064855,0.136164
0.000000,0.000000,0.000000,1.000000
0.060601,0.052541,0.996778,0.241015
-0.016670,0.998528,-0.051620,-0.066300
-0.998023,-0.013489,0.061387,0.135277
0.000000,0.000000,0.000000,1.000000
0.057080,0.054084,0.996904,0.237546
-0.017794,0.998428,-0.053147,-0.074053
-0.998211,-0.014706,0.057953,0.134758
0.000000,0.000000,0.000000,1.000000
0.055089,0.054104,0.997015,0.234723
-0.018952,0.998408,-0.053132,-0.080750
-0.998302,-0.015968,0.056027,0.134192
0.000000,0.000000,0.000000,1.000000
0.053263,0.051048,0.997275,0.232234
-0.019520,0.998555,-0.050071,-0.085109
-0.998390,-0.016800,0.054182,0.133992
0.000000,0.000000,0.000000,1.000000
0.054225,0.038861,0.997772,0.229862
-0.021300,0.999060,-0.037754,-0.090292
-0.998302,-0.019205,0.055002,0.134125
0.000000,0.000000,0.000000,1.000000
0.054159,0.040396,0.997715,0.229563
-0.021466,0.998998,-0.039282,-0.090988
-0.998302,-0.019290,0.054972,0.133819
0.000000,0.000000,0.000000,1.000000
0.054159,0.040396,0.997715,0.229563
-0.021466,0.998998,-0.039282,-0.090988
-0.998302,-0.019290,0.054972,0.133819
0.000000,0.000000,0.000000,1.000000
0.054126,0.041928,0.997653,0.229423
-0.021549,0.998934,-0.040813,-0.091340
-0.998302,-0.019290,0.054972,0.133819
0.000000,0.000000,0.000000,1.000000
0.054126,0.040398,0.997717,0.229401
-0.021549,0.998996,-0.039280,-0.091332
-0.998302,-0.019374,0.054942,0.133513
0.000000,0.000000,0.000000,1.000000
0.052703,0.041901,0.997731,0.229085
-0.020983,0.998945,-0.040844,-0.091206
-0.998390,-0.018783,0.053527,0.132276
0.000000,0.000000,0.000000,1.000000
0.054126,0.041928,0.997653,0.229187
-0.021549,0.998934,-0.040813,-0.091246
-0.998302,-0.019290,0.054972,0.130761
0.000000,0.000000,0.000000,1.000000
0.059816,0.040514,0.997387,0.229927
-0.023815,0.998950,-0.039149,-0.091541
-0.997925,-0.021411,0.060718,0.128988
0.000000,0.000000,0.000000,1.000000
0.066926,0.042205,0.996865,0.230813
-0.026645,0.998824,-0.040499,-0.091894
-0.997402,-0.023851,0.067971,0.126631
0.000000,0.000000,0.000000,1.000000
0.072610,0.042347,0.996461,0.231301
-0.028908,0.998768,-0.040338,-0.092088
-0.996941,-0.025877,0.073745,0.123049
0.000000,0.000000,0.000000,1.000000
0.083971,0.042665,0.995554,0.232627
-0.033431,0.998641,-0.039977,-0.092616
-0.995907,-0.029926,0.085283,0.119568
0.000000,0.000000,0.000000,1.000000
0.092483,0.042934,0.994788,0.233245
-0.036820,0.998534,-0.039672,-0.092862
-0.995033,-0.032960,0.093929,0.114861
0.000000,0.000000,0.000000,1.000000
0.106653,0.048010,0.993137,0.234538
-0.042462,0.998142,-0.043692,-0.093377
-0.993389,-0.037510,0.108494,0.109696
0.000000,0.000000,0.000000,1.000000
0.119384,0.051562,0.991508,0.235399
-0.047530,0.997802,-0.046166,-0.093719
-0.991710,-0.041615,0.121573,0.104268
0.000000,0.000000,0.000000,1.000000
0.130682,0.056615,0.989807,0.236094
-0.052028,0.997384,-0.050179,-0.093996
-0.990058,-0.044941,0.133286,0.098520
0.000000,0.000000,0.000000,1.000000
0.143280,0.061779,0.987752,0.236901
-0.057299,0.996893,-0.054039,-0.094739
-0.988022,-0.048854,0.146375,0.092526
0.000000,0.000000,0.000000,1.000000
0.155932,0.066969,0.985495,0.237467
-0.062358,0.996376,-0.057842,-0.094965
-0.985798,-0.052434,0.159543,0.086972
0.000000,0.000000,0.000000,1.000000
0.165751,0.072035,0.983533,0.237894
-0.066285,0.995887,-0.061769,-0.095136
-0.983937,-0.054955,0.169844,0.081009
0.000000,0.000000,0.000000,1.000000
0.178348,0.075777,0.981045,0.238293
-0.071323,0.995403,-0.063920,-0.095295
-0.981379,-0.058571,0.182933,0.075288
0.000000,0.000000,0.000000,1.000000
0.190793,0.081082,0.978276,0.238190
-0.076639,0.994771,-0.067502,-0.095678
-0.978634,-0.062096,0.196010,0.070017
0.000000,0.000000,0.000000,1.000000
0.199143,0.086117,0.976179,0.237609
-0.079993,0.994236,-0.071391,-0.095445
-0.976700,-0.063871,0.204884,0.063736
0.000000,0.000000,0.000000,1.000000
0.213153,0.088519,0.973001,0.237932
-0.085242,0.993775,-0.071735,-0.095151
-0.973293,-0.067650,0.219371,0.059283
0.000000,0.000000,0.000000,1.000000
0.225609,0.093875,0.969685,0.238182
-0.090223,0.993082,-0.075149,-0.095251
-0.970031,-0.070533,0.232518,0.055078
0.000000,0.000000,0.000000,1.000000
0.232510,0.097354,0.967709,0.237586
-0.092983,0.992645,-0.077522,-0.095013
-0.968139,-0.071956,0.239852,0.050985
0.000000,0.000000,0.000000,1.000000
0.240626,0.102464,0.965195,0.237276
-0.096657,0.991999,-0.081213,-0.095311
-0.965793,-0.073751,0.248604,0.048135
0.000000,0.000000,0.000000,1.000000
0.247492,0.104474,0.963241,0.237276
-0.099415,0.991661,-0.082013,-0.095311
-0.963776,-0.075463,0.255815,0.045458
0.000000,0.000000,0.000000,1.000000
0.268332,0.113390,0.956630,0.239116
-0.106831,0.990426,-0.087430,-0.095199
-0.957385,-0.078738,0.277876,0.043641
0.000000,0.000000,0.000000,1.000000
0.268332,0.113390,0.956630,0.239116
-0.106831,0.990426,-0.087430,-0.095199
-0.957385,-0.078738,0.277876,0.043641
0.000000,0.000000,0.000000,1.000000
0.269696,0.113502,0.956233,0.239490
-0.107374,0.990381,-0.087272,-0.095348
-0.956940,-0.079138,0.279289,0.043967
0.000000,0.000000,0.000000,1.000000
0.266967,0.113278,0.957025,0.239057
-0.106288,0.990470,-0.087587,-0.095176
-0.957826,-0.078337,0.276463,0.043827
0.000000,0.000000,0.000000,1.000000
0.262869,0.112945,0.958198,0.238694
-0.104656,0.990603,-0.088054,-0.095031
-0.959139,-0.077135,0.272219,0.043550
0.000000,0.000000,0.000000,1.000000
0.254656,0.113769,0.960316,0.237861
-0.101386,0.990723,-0.090486,-0.094700
-0.961702,-0.074320,0.263829,0.043913
0.000000,0.000000,0.000000,1.000000
0.245048,0.111565,0.963071,0.237244
-0.097561,0.991152,-0.089994,-0.094454
-0.964590,-0.071905,0.253764,0.044415
0.000000,0.000000,0.000000,1.000000
0.229892,0.110472,0.966926,0.236350
-0.091527,0.991587,-0.091529,-0.094098
-0.968903,-0.067458,0.238069,0.045733
0.000000,0.000000,0.000000,1.000000
0.222707,0.113041,0.968309,0.236614
-0.089459,0.991434,-0.095165,-0.095045
-0.970772,-0.065430,0.230912,0.048907
0.000000,0.000000,0.000000,1.000000
0.215792,0.112583,0.969927,0.237815
-0.086681,0.991618,-0.095815,-0.095528
-0.972584,-0.063398,0.223742,0.052257
0.000000,0.000000,0.000000,1.000000
0.208863,0.112139,0.971494,0.239462
-0.083898,0.991796,-0.096445,-0.096189
-0.974339,-0.061363,0.216558,0.057354
0.000000,0.000000,0.000000,1.000000
0.204700,0.111879,0.972410,0.241482
-0.082226,0.991900,-0.096812,-0.097001
-0.975365,-0.060140,0.212242,0.063552
0.000000,0.000000,0.000000,1.000000
0.196362,0.111376,0.974186,0.242803
-0.078876,0.992102,-0.097526,-0.097531
-0.977354,-0.057690,0.203596,0.069355
0.000000,0.000000,0.000000,1.000000
0.186612,0.112313,0.975993,0.243706
-0.074960,0.992176,-0.099843,-0.097894
-0.979570,-0.054529,0.193571,0.075215
0.000000,0.000000,0.000000,1.000000
0.172647,0.111566,0.978645,0.243746
-0.069350,0.992476,-0.100908,-0.097910
-0.982539,-0.050448,0.179085,0.081041
0.000000,0.000000,0.000000,1.000000
0.162847,0.112581,0.980207,0.244247
-0.065414,0.992515,-0.103127,-0.098111
-0.984480,-0.047325,0.168993,0.087108
0.000000,0.000000,0.000000,1.000000
0.154432,0.115198,0.981264,0.244561
-0.062034,0.992350,-0.106737,-0.098237
-0.986054,-0.044388,0.160397,0.093669
0.000000,0.000000,0.000000,1.000000
0.147410,0.114889,0.982380,0.244439
-0.059213,0.992474,-0.107185,-0.098188
-0.987301,-0.042369,0.153104,0.101082
0.000000,0.000000,0.000000,1.000000
0.140379,0.116104,0.983267,0.244278
-0.056389,0.992426,-0.109135,-0.098124
-0.988491,-0.040125,0.145863,0.108205
0.000000,0.000000,0.000000,1.000000
0.130522,0.117228,0.984491,0.243661
-0.052429,0.992412,-0.111220,-0.097876
-0.990058,-0.037099,0.135678,0.114952
0.000000,0.000000,0.000000,1.000000
0.120649,0.118385,0.985611,0.242775
-0.048464,0.992382,-0.113265,-0.097520
-0.991511,-0.034101,0.125468,0.121456
0.000000,0.000000,0.000000,1.000000
0.115002,0.118195,0.986309,0.241775
-0.046195,0.992458,-0.113546,-0.097118
-0.992291,-0.032504,0.119594,0.128228
0.000000,0.000000,0.000000,1.000000
0.109350,0.121042,0.986606,0.241097
-0.043925,0.992177,-0.116857,-0.096846
-0.993032,-0.030558,0.113811,0.134286
0.000000,0.000000,0.000000,1.000000
0.103694,0.120872,0.987237,0.239918
-0.041653,0.992245,-0.117111,-0.096372
-0.993737,-0.028977,0.107924,0.139507
0.000000,0.000000,0.000000,1.000000
0.098034,0.120712,0.987835,0.238887
-0.039379,0.992309,-0.117351,-0.095958
-0.994404,-0.027396,0.102033,0.144063
0.000000,0.000000,0.000000,1.000000
0.095202,0.122151,0.987935,0.238204
-0.038242,0.992159,-0.118988,-0.095684
-0.994723,-0.026452,0.099127,0.148062
0.000000,0.000000,0.000000,1.000000
0.090954,0.123556,0.988161,0.237527
-0.036535,0.992019,-0.120676,-0.095412
-0.995185,-0.025127,0.094742,0.150443
0.000000,0.000000,0.000000,1.000000
0.085285,0.127966,0.988105,0.236584
-0.034258,0.991508,-0.125450,-0.095033
-0.995767,-0.023152,0.088945,0.153418
0.000000,0.000000,0.000000,1.000000
0.086703,0.127999,0.987977,0.236809
-0.034828,0.991495,-0.125399,-0.095124
-0.995625,-0.023536,0.090423,0.153441
0.000000,0.000000,0.000000,1.000000
0.085285,0.127966,0.988105,0.236584
-0.034258,0.991508,-0.125450,-0.095033
-0.995767,-0.023152,0.088945,0.153418
0.000000,0.000000,0.000000,1.000000
0.085285,0.127966,0.988105,0.236584
-0.034258,0.991508,-0.125450,-0.095033
-0.995767,-0.023152,0.088945,0.153418
0.000000,0.000000,0.000000,1.000000
0.085233,0.134032,0.987305,0.236438
-0.034389,0.990716,-0.131526,-0.095396
-0.995767,-0.022742,0.089051,0.153418
0.000000,0.000000,0.000000,1.000000
0.086379,0.150729,0.984794,0.235924
-0.035624,0.988324,-0.148145,-0.097299
-0.995625,-0.022286,0.090740,0.153441
0.000000,0.000000,0.000000,1.000000
0.090207,0.173477,0.980698,0.235534
-0.038341,0.984587,-0.170638,-0.100111
-0.995185,-0.022209,0.095468,0.153511
0.000000,0.000000,0.000000,1.000000
0.095189,0.199172,0.975330,0.234855
-0.042194,0.979706,-0.195948,-0.104104
-0.994565,-0.022501,0.101661,0.153609
0.000000,0.000000,0.000000,1.000000
0.097974,0.247013,0.964046,0.232206
-0.047076,0.968773,-0.243440,-0.111574
-0.994075,-0.021533,0.106543,0.153687
0.000000,0.000000,0.000000,1.000000
0.104518,0.295798,0.949515,0.229778
-0.054431,0.955015,-0.291520,-0.119664
-0.993032,-0.021214,0.115917,0.153852
0.000000,0.000000,0.000000,1.000000
0.108967,0.352383,0.929490,0.226345
-0.062171,0.935644,-0.347427,-0.129142
-0.992099,-0.019930,0.123862,0.153631
0.000000,0.000000,0.000000,1.000000
0.111455,0.413232,0.903779,0.222686
-0.069861,0.910454,-0.407668,-0.139583
-0.991311,-0.017703,0.130343,0.152582
0.000000,0.000000,0.000000,1.000000
0.111990,0.476283,0.872131,0.217888
-0.077340,0.879168,-0.470194,-0.150473
-0.990695,-0.014794,0.135294,0.150884
0.000000,0.000000,0.000000,1.000000
0.111941,0.539522,0.834497,0.212546
-0.085170,0.841894,-0.532880,-0.161715
-0.990058,-0.011423,0.140194,0.149114
0.000000,0.000000,0.000000,1.000000
0.112251,0.587530,0.801379,0.207961
-0.092122,0.809156,-0.580328,-0.170669
-0.989400,-0.008682,0.144953,0.147713
0.000000,0.000000,0.000000,1.000000
0.111309,0.656884,0.745730,0.199999
-0.102451,0.753980,-0.648859,-0.184082
-0.988491,-0.004177,0.151223,0.145584
0.000000,0.000000,0.000000,1.000000
0.111812,0.710353,0.694907,0.193020
-0.112845,0.703845,-0.701333,-0.194805
-0.987301,0.000000,0.158858,0.144555
0.000000,0.000000,0.000000,1.000000
0.108716,0.758965,0.641992,0.185490
-0.119950,0.651116,-0.749439,-0.204657
-0.986809,0.004469,0.161825,0.142411
0.000000,0.000000,0.000000,1.000000
0.107333,0.800903,0.589096,0.177904
-0.129162,0.598730,-0.790468,-0.214084
-0.985798,0.008755,0.167710,0.141030
0.000000,0.000000,0.000000,1.000000
0.105137,0.841648,0.529693,0.169499
-0.138624,0.539848,-0.830269,-0.223486
-0.984749,0.013863,0.173431,0.139648
0.000000,0.000000,0.000000,1.000000
0.101667,0.878018,0.467705,0.160986
-0.146734,0.478234,-0.865887,-0.232348
-0.983937,0.019404,0.177456,0.137832
0.000000,0.000000,0.000000,1.000000
0.097689,0.909214,0.404706,0.152015
-0.154792,0.415583,-0.896287,-0.240875
-0.983106,0.024912,0.181337,0.136007
0.000000,0.000000,0.000000,1.000000
0.092202,0.935938,0.339880,0.142088
-0.161602,0.350874,-0.922373,-0.249037
-0.982539,0.030120,0.183601,0.133823
0.000000,0.000000,0.000000,1.000000
0.088199,0.957100,0.276009,0.132623
-0.170634,0.287510,-0.942455,-0.256578
-0.981379,0.036027,0.188671,0.132732
0.000000,0.000000,0.000000,1.000000
0.082870,0.972290,0.218596,0.123476
-0.176615,0.230207,-0.956981,-0.263154
-0.980785,0.040698,0.190798,0.130533
0.000000,0.000000,0.000000,1.000000
0.077688,0.981124,0.177087,0.115956
-0.178955,0.188462,-0.965638,-0.267104
-0.980785,0.043328,0.190218,0.129124
0.000000,0.000000,0.000000,1.000000
0.071578,0.990551,0.116987,0.105773
-0.184715,0.128423,-0.974365,-0.272960
-0.980182,0.048134,0.192162,0.127313
0.000000,0.000000,0.000000,1.000000
0.066955,0.994841,0.076216,0.098450
-0.188037,0.087600,-0.978248,-0.276486
-0.979877,0.051168,0.192932,0.126254
0.000000,0.000000,0.000000,1.000000
0.063961,0.996752,0.048930,0.093583
-0.190662,0.060333,-0.979800,-0.278962
-0.979570,0.053340,0.193902,0.125193
0.000000,0.000000,0.000000,1.000000
0.062668,0.997465,0.033698,0.091159
-0.192672,0.045221,-0.980221,-0.280265
-0.979260,0.054936,0.195017,0.124534
0.000000,0.000000,0.000000,1.000000
0.059947,0.997961,0.021893,0.089597
-0.187232,0.032785,-0.981769,-0.279836
-0.980485,0.054755,0.188815,0.122108
0.000000,0.000000,0.000000,1.000000
0.059947,0.997961,0.021893,0.089586
-0.187232,0.032785,-0.981769,-0.279802
-0.980485,0.054755,0.188815,0.121803
0.000000,0.000000,0.000000,1.000000
0.059030,0.998012,0.022068,0.089510
-0.184366,0.032626,-0.982316,-0.279565
-0.981083,0.053917,0.185926,0.121000
0.000000,0.000000,0.000000,1.000000
0.059489,0.997987,0.021981,0.089469
-0.185799,0.032705,-0.982043,-0.279435
-0.980785,0.054336,0.187371,0.120537
0.000000,0.000000,0.000000,1.000000
0.059489,0.997987,0.021981,0.089385
-0.185799,0.032705,-0.982043,-0.279174
-0.980785,0.054336,0.187371,0.118407
0.000000,0.000000,0.000000,1.000000
0.059030,0.998012,0.022068,0.089259
-0.184366,0.032626,-0.982316,-0.278778
-0.981083,0.053917,0.185925,0.114920
0.000000,0.000000,0.000000,1.000000
0.059947,0.997961,0.021893,0.089226
-0.187232,0.032785,-0.981769,-0.278676
-0.980485,0.054755,0.188815,0.111381
0.000000,0.000000,0.000000,1.000000
0.060864,0.997910,0.021715,0.089102
-0.190096,0.032946,-0.981213,-0.278288
-0.979877,0.055593,0.191704,0.106649
0.000000,0.000000,0.000000,1.000000
0.061781,0.997889,0.020003,0.088768
-0.192958,0.031605,-0.980698,-0.277246
-0.979260,0.056728,0.194503,0.100842
0.000000,0.000000,0.000000,1.000000
0.063154,0.997777,0.021258,0.088495
-0.197248,0.033360,-0.979786,-0.276393
-0.978317,0.057685,0.198916,0.094437
0.000000,0.000000,0.000000,1.000000
0.065897,0.997612,0.020688,0.088280
-0.205815,0.033876,-0.978004,-0.275722
-0.976370,0.060190,0.207556,0.088348
0.000000,0.000000,0.000000,1.000000
0.068179,0.997499,0.018664,0.087896
-0.212941,0.032826,-0.976514,-0.274522
-0.974684,0.062603,0.214646,0.081991
0.000000,0.000000,0.000000,1.000000
0.072275,0.997199,0.019263,0.087458
-0.225735,0.035167,-0.973554,-0.273156
-0.971504,0.066016,0.227645,0.077195
0.000000,0.000000,0.000000,1.000000
0.075542,0.996999,0.016900,0.086624
-0.237189,0.034428,-0.970853,-0.271985
-0.968522,0.069331,0.239078,0.071953
0.000000,0.000000,0.000000,1.000000
0.078243,0.996748,0.019279,0.086021
-0.245672,0.038019,-0.968607,-0.270091
-0.966190,0.071051,0.247848,0.066030
0.000000,0.000000,0.000000,1.000000
0.081836,0.996448,0.019863,0.085429
-0.256951,0.040350,-0.965582,-0.268235
-0.962953,0.073915,0.259341,0.061359
0.000000,0.000000,0.000000,1.000000
0.085416,0.996136,0.020404,0.084789
-0.268192,0.042710,-0.962418,-0.266224
-0.959572,0.076733,0.270803,0.056155
0.000000,0.000000,0.000000,1.000000
0.088537,0.995851,0.021033,0.084015
-0.277994,0.044981,-0.959529,-0.263794
-0.956494,0.079107,0.280823,0.051626
0.000000,0.000000,0.000000,1.000000
0.091205,0.995560,0.023291,0.083309
-0.286370,0.048621,-0.956885,-0.261576
-0.953768,0.080603,0.289533,0.047565
0.000000,0.000000,0.000000,1.000000
0.096076,0.995064,0.024822,0.083128
-0.301663,0.052873,-0.951947,-0.261009
-0.948561,0.083971,0.305254,0.046208
0.000000,0.000000,0.000000,1.000000
0.101797,0.994541,0.022920,0.083272
-0.319626,0.054516,-0.945974,-0.261460
-0.942060,0.088971,0.323431,0.046100
0.000000,0.000000,0.000000,1.000000
0.104861,0.994247,0.021850,0.083040
-0.329246,0.055440,-0.942615,-0.260732
-0.938404,0.091649,0.333165,0.045794
0.000000,0.000000,0.000000,1.000000
0.110417,0.993625,0.022753,0.083017
-0.348541,0.060151,-0.935361,-0.262049
-0.930767,0.095350,0.352961,0.045705
0.000000,0.000000,0.000000,1.000000
0.111279,0.993536,0.022425,0.083112
-0.351262,0.060431,-0.934325,-0.262350
-0.929641,0.096094,0.355716,0.046216
0.000000,0.000000,0.000000,1.000000
0.110417,0.993625,0.022753,0.083017
-0.348541,0.060151,-0.935361,-0.262049
-0.930767,0.095350,0.352961,0.045705
0.000000,0.000000,0.000000,1.000000
0.110417,0.993625,0.022753,0.083017
-0.348541,0.060151,-0.935361,-0.262049
-0.930767,0.095350,0.352961,0.045705
0.000000,0.000000,0.000000,1.000000
0.109554,0.993713,0.023079,0.082880
-0.345817,0.059873,-0.936390,-0.261617
-0.931884,0.094605,0.350202,0.045528
0.000000,0.000000,0.000000,1.000000
0.106959,0.993973,0.024041,0.082520
-0.337626,0.059053,-0.939426,-0.260480
-0.935184,0.092364,0.341907,0.045260
0.000000,0.000000,0.000000,1.000000
0.105225,0.994142,0.024669,0.082449
-0.332150,0.058517,-0.941410,-0.260257
-0.937339,0.090866,0.336361,0.045942
0.000000,0.000000,0.000000,1.000000
0.099947,0.994642,0.026418,0.081629
-0.317179,0.057015,-0.946650,-0.259049
-0.943084,0.086235,0.321178,0.045645
0.000000,0.000000,0.000000,1.000000
0.095557,0.995077,0.026266,0.080953
-0.304878,0.054375,-0.950838,-0.258285
-0.947586,0.082851,0.308573,0.046141
0.000000,0.000000,0.000000,1.000000
0.093380,0.995305,0.025439,0.081274
-0.297934,0.052314,-0.953152,-0.259310
-0.950008,0.081426,0.301420,0.047593
0.000000,0.000000,0.000000,1.000000
0.092072,0.995417,0.025851,0.081825
-0.293759,0.051959,-0.954466,-0.261068
-0.951435,0.080285,0.297196,0.050957
0.000000,0.000000,0.000000,1.000000
0.089886,0.995599,0.026524,0.082351
-0.286787,0.051378,-0.956616,-0.262746
-0.953768,0.078380,0.290143,0.053792
0.000000,0.000000,0.000000,1.000000
0.086818,0.995846,0.027440,0.082851
-0.276998,0.050589,-0.959538,-0.264340
-0.956940,0.075705,0.280239,0.056716
0.000000,0.000000,0.000000,1.000000
0.083300,0.996118,0.028448,0.083246
-0.265771,0.049720,-0.962753,-0.265601
-0.960431,0.072636,0.268881,0.060258
0.000000,0.000000,0.000000,1.000000
0.078441,0.996427,0.031294,0.083488
-0.250270,0.050068,-0.966881,-0.266371
-0.964993,0.068011,0.253303,0.063593
0.000000,0.000000,0.000000,1.000000
0.074449,0.996701,0.032313,0.083945
-0.237534,0.049195,-0.970133,-0.267831
-0.968522,0.064550,0.240413,0.067977
0.000000,0.000000,0.000000,1.000000
0.069997,0.996988,0.033383,0.084282
-0.223329,0.048278,-0.973547,-0.268907
-0.972227,0.060690,0.226036,0.072395
0.000000,0.000000,0.000000,1.000000
0.065081,0.997173,0.037543,0.084557
-0.207644,0.050332,-0.976909,-0.269782
-0.976037,0.055783,0.210333,0.076472
0.000000,0.000000,0.000000,1.000000
0.061045,0.997337,0.039915,0.084776
-0.194766,0.051123,-0.979516,-0.270482
-0.978948,0.052020,0.197368,0.081214
0.000000,0.000000,0.000000,1.000000
0.055195,0.997632,0.041036,0.084722
-0.176101,0.050180,-0.983092,-0.270310
-0.982824,0.047035,0.178453,0.085465
0.000000,0.000000,0.000000,1.000000
0.050227,0.997859,0.041896,0.084854
-0.160251,0.049457,-0.985836,-0.270730
-0.985798,0.042802,0.162392,0.089798
0.000000,0.000000,0.000000,1.000000
0.046152,0.997962,0.044070,0.084947
-0.147250,0.050432,-0.987813,-0.271028
-0.988022,0.039100,0.149277,0.095077
0.000000,0.000000,0.000000,1.000000
0.040904,0.998087,0.046362,0.085214
-0.129808,0.051316,-0.990210,-0.270424
-0.990695,0.034485,0.131659,0.099324
0.000000,0.000000,0.000000,1.000000
0.036332,0.998088,0.049998,0.085129
-0.115299,0.053883,-0.991868,-0.270155
-0.992666,0.030272,0.117036,0.104713
0.000000,0.000000,0.000000,1.000000
0.030985,0.998160,0.052121,0.085406
-0.097805,0.054923,-0.993689,-0.269589
-0.994723,0.025691,0.099327,0.109302
0.000000,0.000000,0.000000,1.000000
0.027757,0.998157,0.053957,0.085520
-0.087617,0.056200,-0.994568,-0.269949
-0.995767,0.022879,0.089016,0.114781
0.000000,0.000000,0.000000,1.000000
0.022789,0.998090,0.057428,0.085587
-0.071553,0.058924,-0.995695,-0.268730
-0.997176,0.018581,0.072759,0.119718
0.000000,0.000000,0.000000,1.000000
0.016831,0.998096,0.059339,0.085629
-0.052567,0.060149,-0.996804,-0.267442
-0.998476,0.013658,0.053479,0.124156
0.000000,0.000000,0.000000,1.000000
0.012626,0.998054,0.061067,0.085431
-0.039434,0.061522,-0.997326,-0.266822
-0.999142,0.010184,0.040134,0.129419
0.000000,0.000000,0.000000,1.000000
0.008027,0.997800,0.065812,0.085914
-0.024808,0.065992,-0.997512,-0.265526
-0.999660,0.006374,0.025284,0.133786
0.000000,0.000000,0.000000,1.000000
0.003321,0.997719,0.067427,0.085857
-0.010211,0.067457,-0.997670,-0.263964
-0.999942,0.002625,0.010412,0.137689
0.000000,0.000000,0.000000,1.000000
-0.000953,0.997511,0.070503,0.085934
0.002916,0.070506,-0.997507,-0.262830
-0.999995,-0.000745,-0.002976,0.141200
0.000000,0.000000,0.000000,1.000000
-0.005747,0.997389,0.071983,0.085822
0.017487,0.072074,-0.997246,-0.261132
-0.999831,-0.004472,-0.017855,0.144243
0.000000,0.000000,0.000000,1.000000
-0.007251,0.997040,0.076543,0.086519
0.021835,0.076684,-0.996816,-0.260553
-0.999735,-0.005556,-0.022327,0.148002
0.000000,0.000000,0.000000,1.000000
-0.011168,0.996894,0.077962,0.086439
0.033460,0.078296,-0.996369,-0.258983
-0.999378,-0.008518,-0.034230,0.150266
0.000000,0.000000,0.000000,1.000000
-0.013229,0.996505,0.082474,0.087050
0.039235,0.082935,-0.995782,-0.258174
-0.999142,-0.009937,-0.040195,0.152507
0.000000,0.000000,0.000000,1.000000
-0.015749,0.996350,0.083894,0.087201
0.046472,0.084543,-0.995336,-0.257318
-0.998795,-0.011776,-0.047634,0.153845
0.000000,0.000000,0.000000,1.000000
-0.018289,0.996056,0.086821,0.087261
0.053698,0.087689,-0.994700,-0.256203
-0.998390,-0.013530,-0.055090,0.155008
0.000000,0.000000,0.000000,1.000000
-0.020446,0.995754,0.089757,0.087787
0.059433,0.090827,-0.994092,-0.255177
-0.998023,-0.014991,-0.061038,0.156164
0.000000,0.000000,0.000000,1.000000
-0.020446,0.995754,0.089757,0.087787
0.059433,0.090827,-0.994092,-0.255177
-0.998023,-0.014991,-0.061038,0.156164
0.000000,0.000000,0.000000,1.000000
-0.020446,0.995754,0.089757,0.087787
0.059433,0.090827,-0.994092,-0.255177
-0.998023,-0.014991,-0.061038,0.156164
0.000000,0.000000,0.000000,1.000000
-0.020446,0.995754,0.089757,0.087787
0.059433,0.090827,-0.994092,-0.255177
-0.998023,-0.014991,-0.061038,0.156164
0.000000,0.000000,0.000000,1.000000
-0.020446,0.995754,0.089757,0.087787
0.059433,0.090827,-0.994092,-0.255177
-0.998023,-0.014991,-0.061038,0.156164
0.000000,0.000000,0.000000,1.000000
-0.020446,0.995754,0.089757,0.087787
0.059433,0.090827,-0.994092,-0.255177
-0.998023,-0.014991,-0.061038,0.156164
0.000000,0.000000,0.000000,1.000000
-0.020629,0.995470,0.092806,0.088569
0.059370,0.093882,-0.993812,-0.254906
-0.998023,-0.014991,-0.061038,0.156164
0.000000,0.000000,0.000000,1.000000
-0.020811,0.995178,0.095855,0.089351
0.059307,0.096935,-0.993522,-0.254633
-0.998023,-0.014991,-0.061038,0.156164
0.000000,0.000000,0.000000,1.000000
-0.020747,0.994413,0.103503,0.091383
0.057704,0.104544,-0.992845,-0.254169
-0.998118,-0.014626,-0.059551,0.156149
0.000000,0.000000,0.000000,1.000000
-0.021277,0.993408,0.112637,0.093719
0.057511,0.113692,-0.991850,-0.253317
-0.998118,-0.014626,-0.059551,0.156149
0.000000,0.000000,0.000000,1.000000
-0.020883,0.991954,0.124864,0.096994
0.054387,0.125833,-0.990560,-0.252602
-0.998302,-0.013895,-0.056577,0.156120
0.000000,0.000000,0.000000,1.000000
-0.021798,0.989690,0.141560,0.101243
0.054027,0.142552,-0.988312,-0.250929
-0.998302,-0.013895,-0.056577,0.156120
0.000000,0.000000,0.000000,1.000000
-0.021067,0.986674,0.161337,0.106512
0.049355,0.162202,-0.985522,-0.249530
-0.998559,-0.012799,-0.052115,0.156079
0.000000,0.000000,0.000000,1.000000
-0.021001,0.982413,0.185539,0.112831
0.046036,0.186333,-0.981407,-0.247339
-0.998719,-0.012069,-0.049139,0.155443
0.000000,0.000000,0.000000,1.000000
-0.023316,0.979108,0.202000,0.117956
0.048334,0.202922,-0.978001,-0.244526
-0.998559,-0.013039,-0.052055,0.154247
0.000000,0.000000,0.000000,1.000000
-0.024568,0.973832,0.225939,0.124196
0.047710,0.226891,-0.972751,-0.241182
-0.998559,-0.013119,-0.052035,0.153454
0.000000,0.000000,0.000000,1.000000
-0.025207,0.968357,0.248291,0.131198
0.045632,0.249226,-0.967370,-0.237509
-0.998640,-0.013054,-0.050471,0.152342
0.000000,0.000000,0.000000,1.000000
-0.025747,0.961537,0.273466,0.137767
0.043560,0.274376,-0.960635,-0.233083
-0.998719,-0.012821,-0.048949,0.152085
0.000000,0.000000,0.000000,1.000000
-0.025431,0.954072,0.298495,0.144681
0.040161,0.299326,-0.953305,-0.228476
-0.998870,-0.012256,-0.045928,0.151507
0.000000,0.000000,0.000000,1.000000
-0.024237,0.944468,0.327707,0.152413
0.035444,0.328409,-0.943870,-0.222884
-0.999078,-0.011262,-0.041435,0.151646
0.000000,0.000000,0.000000,1.000000
-0.021013,0.932894,0.359538,0.161059
0.028333,0.360028,-0.932511,-0.217163
-0.999378,-0.009408,-0.033997,0.151646
0.000000,0.000000,0.000000,1.000000
-0.021084,0.920821,0.389416,0.168596
0.026343,0.389879,-0.920489,-0.210654
-0.999431,-0.009149,-0.032477,0.150763
0.000000,0.000000,0.000000,1.000000
-0.020178,0.905862,0.423093,0.177274
0.023104,0.423489,-0.905607,-0.202978
-0.999529,-0.008498,-0.029474,0.149868
0.000000,0.000000,0.000000,1.000000
-0.017980,0.889683,0.456224,0.185346
0.018885,0.456519,-0.889513,-0.194675
-0.999660,-0.007377,-0.025009,0.149496
0.000000,0.000000,0.000000,1.000000
-0.013312,0.870052,0.492781,0.194212
0.012713,0.492932,-0.869975,-0.185474
-0.999831,-0.005316,-0.017622,0.149718
0.000000,0.000000,0.000000,1.000000
-0.006951,0.848923,0.528471,0.202565
0.006033,0.528510,-0.848906,-0.175821
-0.999958,-0.002712,-0.008795,0.150350
0.000000,0.000000,0.000000,1.000000
-0.004826,0.825452,0.564452,0.210441
0.003790,0.564470,-0.825445,-0.165271
-0.999981,-0.001844,-0.005852,0.149547
0.000000,0.000000,0.000000,1.000000
-0.002497,0.802292,0.596927,0.217541
0.001782,0.596932,-0.802290,-0.155216
-0.999995,-0.000940,-0.002920,0.148326
0.000000,0.000000,0.000000,1.000000
0.001288,0.777853,0.628445,0.224348
-0.000833,0.628446,-0.777853,-0.144977
-0.999999,0.000479,0.001457,0.147409
0.000000,0.000000,0.000000,1.000000
0.005301,0.752172,0.658946,0.230399
-0.003090,0.658964,-0.752168,-0.134281
-0.999981,0.001952,0.005817,0.146900
0.000000,0.000000,0.000000,1.000000
0.010858,0.727391,0.686137,0.235500
-0.005718,0.686212,-0.727379,-0.124026
-0.999925,0.003974,0.011610,0.146794
0.000000,0.000000,0.000000,1.000000
0.018013,0.702696,0.711263,0.239914
-0.008553,0.711460,-0.702674,-0.113921
-0.999801,0.006574,0.018826,0.146783
0.000000,0.000000,0.000000,1.000000
0.024013,0.674857,0.737558,0.244380
-0.010163,0.737897,-0.674837,-0.103428
-0.999660,0.008709,0.024577,0.146572
0.000000,0.000000,0.000000,1.000000
0.027315,0.644870,0.763804,0.248361
-0.010153,0.764229,-0.644865,-0.092319
-0.999575,0.009860,0.027423,0.145638
0.000000,0.000000,0.000000,1.000000
0.030659,0.615062,0.787883,0.251542
-0.009868,0.788401,-0.615082,-0.080964
-0.999481,0.011083,0.030241,0.144793
0.000000,0.000000,0.000000,1.000000
0.036982,0.584306,0.810690,0.254666
-0.010112,0.811423,-0.584372,-0.069635
-0.999265,0.013414,0.035917,0.144266
0.000000,0.000000,0.000000,1.000000
0.043390,0.551395,0.833115,0.257362
-0.009744,0.834095,-0.551535,-0.057793
-0.999011,0.015814,0.041564,0.144044
0.000000,0.000000,0.000000,1.000000
0.048306,0.518928,0.853452,0.258894
-0.008611,0.854634,-0.519159,-0.046151
-0.998795,0.017729,0.045753,0.143587
0.000000,0.000000,0.000000,1.000000
0.056234,0.485624,0.872357,0.260380
-0.007462,0.873920,-0.486013,-0.034551
-0.998390,0.020821,0.052767,0.143762
0.000000,0.000000,0.000000,1.000000
0.061086,0.451651,0.890101,0.261158
-0.005355,0.891902,-0.452197,-0.022893
-0.998118,0.022857,0.056902,0.143210
0.000000,0.000000,0.000000,1.000000
0.067386,0.415569,0.907062,0.261668
-0.002793,0.909204,-0.416342,-0.010844
-0.997723,0.025523,0.062428,0.142671
0.000000,0.000000,0.000000,1.000000
0.070504,0.378891,0.922752,0.261431
0.000324,0.925045,-0.379858,0.001203
-0.997511,0.027081,0.065096,0.141711
0.000000,0.000000,0.000000,1.000000
0.075009,0.344442,0.935806,0.260616
0.003570,0.938351,-0.345665,0.012403
-0.997176,0.029269,0.069156,0.141149
0.000000,0.000000,0.000000,1.000000
0.079356,0.308061,0.948051,0.259316
0.007202,0.950848,-0.309573,0.023534
-0.996820,0.031394,0.073237,0.140583
0.000000,0.000000,0.000000,1.000000
0.086567,0.274058,0.957809,0.257784
0.011487,0.961080,-0.276032,0.034206
-0.996180,0.034897,0.080049,0.140739
0.000000,0.000000,0.000000,1.000000
0.090580,0.241296,0.966215,0.255751
0.015574,0.969742,-0.243636,0.043973
-0.995767,0.037116,0.084081,0.140165
0.000000,0.000000,0.000000,1.000000
0.092934,0.209807,0.973316,0.253490
0.019525,0.976975,-0.212460,0.053258
-0.995481,0.038749,0.086698,0.139496
0.000000,0.000000,0.000000,1.000000
0.095224,0.181118,0.978840,0.251473
0.023232,0.982637,-0.184080,0.061353
-0.995185,0.040270,0.089363,0.138758
0.000000,0.000000,0.000000,1.000000
0.098879,0.155233,0.982917,0.249249
0.027364,0.986960,-0.158624,0.068977
-0.994723,0.042581,0.093342,0.138417
0.000000,0.000000,0.000000,1.000000
0.101051,0.133857,0.985835,0.247206
0.030823,0.990011,-0.137583,0.075404
-0.994404,0.044289,0.095916,0.137984
0.000000,0.000000,0.000000,1.000000
0.103263,0.115467,0.987929,0.245369
0.033938,0.992252,-0.119519,0.080642
-0.994075,0.045870,0.098545,0.137552
0.000000,0.000000,0.000000,1.000000
0.106939,0.098497,0.989375,0.243633
0.037341,0.993981,-0.102992,0.085071
-0.993564,0.047958,0.102617,0.137515
0.000000,0.000000,0.000000,1.000000
0.110395,0.079959,0.990666,0.241267
0.041228,0.995532,-0.084946,0.090103
-0.993032,0.050220,0.106605,0.137843
0.000000,0.000000,0.000000,1.000000
0.112314,0.061460,0.991770,0.239131
0.044716,0.996762,-0.066833,0.095205
-0.992666,0.051854,0.109202,0.137714
0.000000,0.000000,0.000000,1.000000
0.115609,0.042870,0.992369,0.237280
0.048720,0.997621,-0.048773,0.099995
-0.992099,0.053987,0.113245,0.137922
0.000000,0.000000,0.000000,1.000000
0.117633,0.030454,0.992590,0.235858
0.051712,0.997986,-0.036748,0.103684
-0.991710,0.055652,0.115822,0.137735
0.000000,0.000000,0.000000,1.000000
0.116908,0.016674,0.993003,0.233821
0.053331,0.998311,-0.023042,0.106664
-0.991710,0.055652,0.115822,0.137543
0.000000,0.000000,0.000000,1.000000
0.121059,0.019482,0.992454,0.234178
0.055225,0.998127,-0.026329,0.106827
-0.991108,0.057995,0.119757,0.137389
0.000000,0.000000,0.000000,1.000000
0.120889,0.016419,0.992530,0.233849
0.055596,0.998182,-0.023284,0.107545
-0.991108,0.057995,0.119757,0.137389
0.000000,0.000000,0.000000,1.000000
0.120889,0.016419,0.992530,0.233849
0.055596,0.998182,-0.023284,0.107545
-0.991108,0.057995,0.119757,0.137389
0.000000,0.000000,0.000000,1.000000
0.120804,0.014888,0.992565,0.233684
0.055781,0.998206,-0.021762,0.107904
-0.991108,0.057995,0.119757,0.137389
0.000000,0.000000,0.000000,1.000000
0.120546,0.011817,0.992637,0.233167
0.056337,0.998236,-0.018725,0.108970
-0.991108,0.058179,0.119667,0.137083
0.000000,0.000000,0.000000,1.000000
0.118651,0.001186,0.992935,0.231860
0.056787,0.998354,-0.007978,0.110970
-0.991311,0.057333,0.118388,0.135827
0.000000,0.000000,0.000000,1.000000
0.119845,-0.000434,0.992792,0.231609
0.057812,0.998306,-0.006542,0.111725
-0.991108,0.058179,0.119667,0.134024
0.000000,0.000000,0.000000,1.000000
0.123952,-0.000679,0.992288,0.232093
0.059793,0.998188,-0.006786,0.111958
-0.990485,0.060173,0.123768,0.131983
0.000000,0.000000,0.000000,1.000000
0.128151,0.000598,0.991755,0.232640
0.061576,0.998066,-0.008559,0.111783
-0.989841,0.062165,0.127866,0.129032
0.000000,0.000000,0.000000,1.000000
0.134990,-0.001363,0.990846,0.233304
0.064862,0.997866,-0.007464,0.112101
-0.988722,0.065276,0.134790,0.125249
0.000000,0.000000,0.000000,1.000000
0.141821,-0.001826,0.989891,0.234052
0.068144,0.997644,-0.007923,0.112461
-0.987544,0.068579,0.141612,0.120518
0.000000,0.000000,0.000000,1.000000
0.152734,-0.001097,0.988267,0.234779
0.073388,0.997251,-0.010235,0.112810
-0.985539,0.074090,0.152394,0.116050
0.000000,0.000000,0.000000,1.000000
0.160903,-0.003242,0.986965,0.235244
0.077313,0.996963,-0.009329,0.113034
-0.983937,0.077806,0.160665,0.109924
0.000000,0.000000,0.000000,1.000000
0.170417,-0.004018,0.985364,0.235953
0.081884,0.996591,-0.010098,0.113374
-0.981964,0.082407,0.170165,0.103544
0.000000,0.000000,0.000000,1.000000
0.175974,-0.002952,0.984390,0.236117
0.084223,0.996374,-0.012068,0.113007
-0.980785,0.085032,0.175584,0.096442
0.000000,0.000000,0.000000,1.000000
0.184378,-0.002126,0.982853,0.236817
0.087551,0.996058,-0.014269,0.112451
-0.978948,0.088680,0.183838,0.090098
0.000000,0.000000,0.000000,1.000000
0.192928,0.001702,0.981211,0.237579
0.090525,0.995703,-0.019527,0.111476
-0.977028,0.092591,0.191945,0.083194
0.000000,0.000000,0.000000,1.000000
0.202849,0.002356,0.979207,0.238068
0.094044,0.995328,-0.021876,0.110372
-0.974684,0.096526,0.201680,0.077424
0.000000,0.000000,0.000000,1.000000
0.211278,0.003087,0.977421,0.237934
0.097165,0.994975,-0.024145,0.109424
-0.972584,0.100073,0.209917,0.070784
0.000000,0.000000,0.000000,1.000000
0.216849,0.002550,0.976202,0.236971
0.099324,0.994749,-0.024662,0.108541
-0.971139,0.102308,0.215457,0.064146
0.000000,0.000000,0.000000,1.000000
0.227667,-0.000113,0.973739,0.236868
0.104279,0.994252,-0.024265,0.108493
-0.968139,0.107065,0.226371,0.058682
0.000000,0.000000,0.000000,1.000000
0.235759,-0.002516,0.971808,0.236298
0.107986,0.993872,-0.023624,0.108233
-0.965793,0.110511,0.234586,0.054075
0.000000,0.000000,0.000000,1.000000
0.242487,-0.006274,0.970134,0.235816
0.111067,0.993584,-0.021336,0.108012
-0.963776,0.112924,0.241628,0.049683
0.000000,0.000000,0.000000,1.000000
0.250717,-0.005711,0.968044,0.235787
0.114372,0.993154,-0.023762,0.107561
-0.961281,0.116674,0.249653,0.046871
0.000000,0.000000,0.000000,1.000000
0.276051,0.008273,0.961107,0.239337
0.118835,0.991997,-0.042671,0.103030
-0.953768,0.125993,0.272859,0.043027
0.000000,0.000000,0.000000,1.000000
0.276051,0.008273,0.961107,0.239337
0.118835,0.991997,-0.042671,0.103030
-0.953768,0.125993,0.272859,0.043027
0.000000,0.000000,0.000000,1.000000
0.274707,0.008450,0.961491,0.239123
0.118257,0.992073,-0.042506,0.102938
-0.954228,0.125379,0.271530,0.042954
0.000000,0.000000,0.000000,1.000000
0.274707,0.008450,0.961491,0.239123
0.118257,0.992073,-0.042506,0.102938
-0.954228,0.125379,0.271530,0.042954
0.000000,0.000000,0.000000,1.000000
0.272017,0.008802,0.962252,0.238853
0.117098,0.992224,-0.042178,0.102822
-0.955141,0.124151,0.268871,0.043065
0.000000,0.000000,0.000000,1.000000
0.263931,0.009836,0.964491,0.238165
0.113618,0.992669,-0.041214,0.102526
-0.957826,0.120461,0.260879,0.043079
0.000000,0.000000,0.000000,1.000000
0.254469,0.011002,0.967018,0.237850
0.109544,0.993172,-0.040126,0.102390
-0.960857,0.116142,0.251526,0.043479
0.000000,0.000000,0.000000,1.000000
0.243458,0.007784,0.969880,0.237757
0.105248,0.993851,-0.034395,0.102783
-0.964184,0.110451,0.241142,0.044868
0.000000,0.000000,0.000000,1.000000
0.232114,0.004424,0.972678,0.237489
0.101614,0.994408,-0.028771,0.103967
-0.967366,0.105516,0.230367,0.047750
0.000000,0.000000,0.000000,1.000000
0.230600,0.003046,0.973044,0.239540
0.101372,0.994478,-0.027137,0.105303
-0.967754,0.104898,0.229017,0.052181
0.000000,0.000000,0.000000,1.000000
0.223798,0.003772,0.974628,0.241440
0.098382,0.994797,-0.026441,0.106138
-0.969657,0.101804,0.222262,0.057792
0.000000,0.000000,0.000000,1.000000
0.218347,0.004337,0.975862,0.243616
0.095986,0.995046,-0.025899,0.107094
-0.971139,0.099324,0.216849,0.064128
0.000000,0.000000,0.000000,1.000000
0.210155,0.005158,0.977654,0.245020
0.092385,0.995407,-0.025111,0.107712
-0.973293,0.095598,0.208713,0.070195
0.000000,0.000000,0.000000,1.000000
0.200576,0.006076,0.979659,0.245996
0.088174,0.995810,-0.024229,0.108141
-0.975702,0.091240,0.199200,0.076321
0.000000,0.000000,0.000000,1.000000
0.192347,0.006829,0.981303,0.247068
0.084556,0.996141,-0.023507,0.108612
-0.977677,0.087497,0.191027,0.082897
0.000000,0.000000,0.000000,1.000000
0.184101,0.007551,0.982878,0.247904
0.080931,0.996459,-0.022814,0.108980
-0.979570,0.083746,0.182838,0.089578
0.000000,0.000000,0.000000,1.000000
0.175840,0.009751,0.984371,0.248427
0.077300,0.996727,-0.023681,0.109209
-0.981379,0.080256,0.174510,0.096057
0.000000,0.000000,0.000000,1.000000
0.167564,0.010411,0.985806,0.248727
0.073662,0.997017,-0.023050,0.109341
-0.983105,0.076478,0.166297,0.102616
0.000000,0.000000,0.000000,1.000000
