-0.070701,-0.005636,0.997482,0.233286
-0.029540,0.999557,0.003554,0.097470
-0.997060,-0.029214,-0.070836,0.133148
0.000000,0.000000,0.000000,1.000000
-0.070701,-0.005636,0.997482,0.233286
-0.029540,0.999557,0.003554,0.097470
-0.997060,-0.029214,-0.070836,0.133148
0.000000,0.000000,0.000000,1.000000
-0.072112,-0.005678,0.997380,0.233313
-0.030129,0.999540,0.003512,0.097481
-0.996941,-0.029797,-0.072250,0.132454
0.000000,0.000000,0.000000,1.000000
-0.072112,-0.005678,0.997380,0.233313
-0.030129,0.999540,0.003512,0.097481
-0.996941,-0.029797,-0.072250,0.132454
0.000000,0.000000,0.000000,1.000000
-0.070701,-0.005636,0.997482,0.233550
-0.029540,0.999557,0.003554,0.097580
-0.997060,-0.029214,-0.070836,0.132741
0.000000,0.000000,0.000000,1.000000
-0.069378,-0.004059,0.997582,0.233808
-0.028737,0.999585,0.002068,0.096846
-0.997176,-0.028524,-0.069466,0.133129
0.000000,0.000000,0.000000,1.000000
-0.069553,-0.004046,0.997570,0.234398
-0.028311,0.999597,0.002081,0.095410
-0.997176,-0.028098,-0.069640,0.133129
0.000000,0.000000,0.000000,1.000000
-0.069895,0.000569,0.997554,0.235817
-0.027455,0.999620,-0.002494,0.092631
-0.997176,-0.027563,-0.069853,0.132723
0.000000,0.000000,0.000000,1.000000
-0.068955,0.009827,0.997571,0.237428
-0.025631,0.999604,-0.011619,0.088255
-0.997290,-0.026370,-0.068676,0.132805
0.000000,0.000000,0.000000,1.000000
-0.062328,0.022294,0.997807,0.240399
-0.021442,0.999490,-0.023671,0.082703
-0.997825,-0.022871,-0.061818,0.133126
0.000000,0.000000,0.000000,1.000000
-0.049817,0.044033,0.997787,0.243650
-0.015362,0.998876,-0.044848,0.075137
-0.998640,-0.017563,-0.049084,0.135022
0.000000,0.000000,0.000000,1.000000
-0.034068,0.064190,0.997356,0.247151
-0.009147,0.997873,-0.064535,0.066359
-0.999378,-0.011321,-0.033408,0.137626
0.000000,0.000000,0.000000,1.000000
-0.016469,0.088811,0.995912,0.250303
-0.003672,0.996035,-0.088883,0.055804
-0.999858,-0.005120,-0.016077,0.140438
0.000000,0.000000,0.000000,1.000000
0.003022,0.116317,0.993208,0.253947
0.000529,0.993212,-0.116319,0.044465
-0.999995,0.000877,0.002940,0.142793
0.000000,0.000000,0.000000,1.000000
0.022826,0.145142,0.989147,0.256495
0.002886,0.989392,-0.145245,0.032435
-0.999735,0.006170,0.022165,0.145977
0.000000,0.000000,0.000000,1.000000
0.042807,0.170734,0.984387,0.258443
0.003356,0.985260,-0.171032,0.020260
-0.999078,0.010625,0.041603,0.148580
0.000000,0.000000,0.000000,1.000000
0.058233,0.200715,0.977917,0.259382
0.001698,0.979558,-0.201153,0.007562
-0.998302,0.013374,0.056702,0.150789
0.000000,0.000000,0.000000,1.000000
0.073554,0.224519,0.971690,0.259701
-0.001241,0.974349,-0.225039,-0.004383
-0.997290,0.015346,0.071946,0.152705
0.000000,0.000000,0.000000,1.000000
0.088678,0.249667,0.964263,0.259135
-0.005585,0.968186,-0.250169,-0.016319
-0.996045,0.016799,0.087251,0.155011
0.000000,0.000000,0.000000,1.000000
0.105056,0.271678,0.956637,0.258632
-0.011161,0.962222,-0.272039,-0.027478
-0.994404,0.017902,0.104119,0.157283
0.000000,0.000000,0.000000,1.000000
0.121086,0.293560,0.948241,0.257702
-0.017961,0.955761,-0.293595,-0.038226
-0.992480,0.018518,0.121002,0.159270
0.000000,0.000000,0.000000,1.000000
0.138121,0.315309,0.938884,0.256109
-0.026594,0.948809,-0.314730,-0.049312
-0.990058,0.018502,0.139436,0.162291
0.000000,0.000000,0.000000,1.000000
0.150082,0.339900,0.928409,0.253575
-0.035886,0.940299,-0.338452,-0.060631
-0.988022,0.017479,0.153320,0.164244
0.000000,0.000000,0.000000,1.000000
0.164414,0.364247,0.916674,0.251075
-0.046860,0.931156,-0.361596,-0.071560
-0.985278,0.016496,0.170164,0.166592
0.000000,0.000000,0.000000,1.000000
0.173977,0.385627,0.906104,0.248097
-0.056883,0.922535,-0.381698,-0.081117
-0.983105,0.014865,0.182435,0.168469
0.000000,0.000000,0.000000,1.000000
0.181967,0.404015,0.896471,0.245705
-0.066055,0.914655,-0.398802,-0.089192
-0.981083,0.013352,0.193124,0.169597
0.000000,0.000000,0.000000,1.000000
0.187294,0.418079,0.888893,0.243339
-0.073239,0.908331,-0.411790,-0.095155
-0.979570,0.012024,0.200745,0.170638
0.000000,0.000000,0.000000,1.000000
0.202294,0.426489,0.881581,0.241405
-0.084157,0.904433,-0.418233,-0.100427
-0.975702,0.010415,0.218854,0.173439
0.000000,0.000000,0.000000,1.000000
0.204662,0.430617,0.879024,0.241062
-0.086249,0.902473,-0.422023,-0.101588
-0.975025,0.010557,0.221843,0.173893
0.000000,0.000000,0.000000,1.000000
0.204662,0.430617,0.879024,0.241062
-0.086249,0.902473,-0.422023,-0.101588
-0.975025,0.010557,0.221843,0.173893
0.000000,0.000000,0.000000,1.000000
0.204662,0.430617,0.879024,0.241034
-0.086249,0.902473,-0.422023,-0.101577
-0.975025,0.010557,0.221843,0.174199
0.000000,0.000000,0.000000,1.000000
0.205907,0.427940,0.880039,0.241124
-0.087146,0.903756,-0.419083,-0.102050
-0.974684,0.009601,0.223383,0.173948
0.000000,0.000000,0.000000,1.000000
0.203020,0.419879,0.884582,0.240638
-0.086291,0.907552,-0.410978,-0.102280
-0.975365,0.007105,0.220483,0.172618
0.000000,0.000000,0.000000,1.000000
0.201643,0.403530,0.892471,0.240613
-0.085706,0.914962,-0.394335,-0.102270
-0.975702,0.003025,0.219080,0.170119
0.000000,0.000000,0.000000,1.000000
0.197637,0.378691,0.904175,0.240947
-0.083646,0.925519,-0.369347,-0.101976
-0.976700,-0.002634,0.214593,0.165898
0.000000,0.000000,0.000000,1.000000
0.189350,0.345067,0.919280,0.241614
-0.080138,0.938524,-0.335784,-0.102258
-0.978634,-0.010089,0.205363,0.159195
0.000000,0.000000,0.000000,1.000000
0.171341,0.307819,0.935890,0.241693
-0.072516,0.951301,-0.299611,-0.102291
-0.982539,-0.016532,0.185319,0.149198
0.000000,0.000000,0.000000,1.000000
0.151871,0.263972,0.952499,0.241439
-0.064276,0.964275,-0.256987,-0.102184
-0.986308,-0.022194,0.163413,0.138819
0.000000,0.000000,0.000000,1.000000
0.136524,0.222399,0.965350,0.241213
-0.057781,0.974603,-0.216359,-0.102088
-0.988950,-0.026240,0.145907,0.129258
0.000000,0.000000,0.000000,1.000000
0.118336,0.178688,0.976764,0.240634
-0.050083,0.983497,-0.173853,-0.101843
-0.991710,-0.028346,0.125332,0.118627
0.000000,0.000000,0.000000,1.000000
0.104313,0.136135,0.985183,0.239889
-0.044148,0.990245,-0.132160,-0.101528
-0.993564,-0.029708,0.109306,0.109185
0.000000,0.000000,0.000000,1.000000
0.090266,0.094776,0.991398,0.238928
-0.038203,0.995058,-0.091647,-0.101121
-0.995185,-0.029602,0.093440,0.100401
0.000000,0.000000,0.000000,1.000000
0.067747,0.023927,0.997416,0.236317
-0.028672,0.999346,-0.022026,-0.100016
-0.997290,-0.027106,0.068389,0.084904
0.000000,0.000000,0.000000,1.000000
0.063520,0.014632,0.997873,0.235793
-0.026883,0.999555,-0.012946,-0.099794
-0.997618,-0.026004,0.063885,0.082265
0.000000,0.000000,0.000000,1.000000
0.063520,0.014632,0.997873,0.235793
-0.026883,0.999555,-0.012946,-0.099794
-0.997618,-0.026004,0.063885,0.082265
0.000000,0.000000,0.000000,1.000000
0.063520,0.014632,0.997873,0.235704
-0.026883,0.999555,-0.012946,-0.099757
-0.997618,-0.026004,0.063885,0.081973
0.000000,0.000000,0.000000,1.000000
0.064929,0.014669,0.997782,0.236219
-0.027480,0.999539,-0.012907,-0.099975
-0.997511,-0.026581,0.065302,0.080947
0.000000,0.000000,0.000000,1.000000
-0.019789,0.010818,0.999746,0.227294
0.008339,0.999908,-0.010655,-0.095786
-0.999769,0.008126,-0.019877,0.042011
0.000000,0.000000,0.000000,1.000000
-0.019789,0.010818,0.999746,0.227294
0.008339,0.999908,-0.010655,-0.095786
-0.999769,0.008126,-0.019877,0.042011
0.000000,0.000000,0.000000,1.000000
-0.019789,0.010818,0.999746,0.227294
0.008339,0.999908,-0.010655,-0.095786
-0.999769,0.008126,-0.019877,0.042011
0.000000,0.000000,0.000000,1.000000
-0.021202,0.010830,0.999717,0.226934
0.008935,0.999903,-0.010643,-0.095635
-0.999735,0.008707,-0.021297,0.042400
0.000000,0.000000,0.000000,1.000000
-0.028267,0.018568,0.999428,0.226220
0.011912,0.999763,-0.018237,-0.095334
-0.999529,0.011390,-0.028482,0.042587
0.000000,0.000000,0.000000,1.000000
-0.036744,0.035535,0.998693,0.225680
0.015484,0.999268,-0.034986,-0.095106
-0.999205,0.014179,-0.037267,0.044260
0.000000,0.000000,0.000000,1.000000
-0.038156,0.058522,0.997557,0.227279
0.016080,0.998190,-0.057944,-0.095780
-0.999142,0.013829,-0.039028,0.048082
0.000000,0.000000,0.000000,1.000000
-0.038156,0.089095,0.995292,0.229632
0.016080,0.995943,-0.088536,-0.096771
-0.999142,0.012626,-0.039434,0.053322
0.000000,0.000000,0.000000,1.000000
-0.036744,0.125653,0.991394,0.232352
0.015484,0.992016,-0.125158,-0.097918
-0.999205,0.010752,-0.038396,0.060148
0.000000,0.000000,0.000000,1.000000
-0.031093,0.163522,0.986050,0.234752
0.013103,0.986508,-0.163185,-0.098929
-0.999431,0.007847,-0.032816,0.069340
0.000000,0.000000,0.000000,1.000000
-0.022615,0.205663,0.978361,0.237570
0.009531,0.978612,-0.205496,-0.100117
-0.999699,0.004677,-0.024092,0.079825
0.000000,0.000000,0.000000,1.000000
-0.009895,0.247449,0.968850,0.240236
0.004170,0.968899,-0.247419,-0.101240
-0.999942,0.001592,-0.010619,0.091564
0.000000,0.000000,0.000000,1.000000
-0.001414,0.288817,0.957383,0.242311
0.000596,0.957384,-0.288816,-0.102115
-0.999999,0.000162,-0.001525,0.102251
0.000000,0.000000,0.000000,1.000000
0.004241,0.329659,0.944091,0.243637
-0.001787,0.944100,-0.329654,-0.102674
-0.999989,-0.000289,0.004593,0.112334
0.000000,0.000000,0.000000,1.000000
0.009895,0.368468,0.929588,0.244271
-0.004170,0.929640,-0.368444,-0.102941
-0.999942,-0.000231,0.010735,0.122890
0.000000,0.000000,0.000000,1.000000
0.015549,0.409441,0.912204,0.243877
-0.006553,0.912336,-0.409389,-0.102775
-0.999858,0.000388,0.016869,0.133681
0.000000,0.000000,0.000000,1.000000
0.024028,0.444103,0.895654,0.244009
-0.010126,0.895974,-0.443990,-0.102831
-0.999660,0.001599,0.026026,0.144305
0.000000,0.000000,0.000000,1.000000
0.035331,0.476733,0.878338,0.243835
-0.014889,0.879040,-0.476515,-0.102757
-0.999265,0.003758,0.038155,0.155036
0.000000,0.000000,0.000000,1.000000
0.036767,0.502118,0.864017,0.242614
-0.015428,0.864784,-0.501907,-0.101804
-0.999205,0.005124,0.039542,0.162439
0.000000,0.000000,0.000000,1.000000
0.041007,0.524449,0.850454,0.241874
-0.017207,0.851414,-0.524211,-0.101494
-0.999011,0.006862,0.043938,0.168529
0.000000,0.000000,0.000000,1.000000
0.043833,0.538702,0.841356,0.240597
-0.018393,0.842457,-0.538449,-0.100958
-0.998870,0.008127,0.046836,0.173760
0.000000,0.000000,0.000000,1.000000
0.050896,0.550199,0.833481,0.240395
-0.021357,0.834972,-0.549878,-0.100873
-0.998476,0.010186,0.054247,0.179142
0.000000,0.000000,0.000000,1.000000
0.048071,0.550227,0.833631,0.240276
-0.020171,0.834960,-0.549941,-0.100824
-0.998640,0.009621,0.051236,0.178729
0.000000,0.000000,0.000000,1.000000
0.049484,0.550213,0.833557,0.240171
-0.020764,0.834966,-0.549910,-0.100779
-0.998559,0.009903,0.052742,0.179129
0.000000,0.000000,0.000000,1.000000
0.049484,0.550213,0.833557,0.240500
-0.020764,0.834966,-0.549910,-0.100918
-0.998559,0.009903,0.052742,0.178742
0.000000,0.000000,0.000000,1.000000
0.049484,0.550213,0.833557,0.240219
-0.020764,0.834966,-0.549910,-0.100800
-0.998559,0.009903,0.052742,0.178826
0.000000,0.000000,0.000000,1.000000
0.049484,0.550213,0.833557,0.240500
-0.020764,0.834966,-0.549910,-0.100918
-0.998559,0.009903,0.052742,0.178742
0.000000,0.000000,0.000000,1.000000
0.049452,0.554045,0.831017,0.240016
-0.020840,0.832426,-0.553744,-0.101148
-0.998559,0.010065,0.052711,0.179129
0.000000,0.000000,0.000000,1.000000
0.050731,0.561664,0.825809,0.239614
-0.021746,0.827298,-0.561342,-0.102714
-0.998476,0.010519,0.054184,0.179142
0.000000,0.000000,0.000000,1.000000
0.047659,0.574313,0.817248,0.238218
-0.021126,0.818574,-0.574013,-0.105595
-0.998640,0.010092,0.051146,0.178729
0.000000,0.000000,0.000000,1.000000
0.048616,0.595439,0.801928,0.235962
-0.022721,0.803329,-0.595102,-0.110276
-0.998559,0.010711,0.052584,0.179129
0.000000,0.000000,0.000000,1.000000
0.047896,0.624595,0.779479,0.232468
-0.024201,0.780871,-0.624224,-0.117462
-0.998559,0.011034,0.052517,0.179129
0.000000,0.000000,0.000000,1.000000
0.046973,0.659844,0.749933,0.227987
-0.025948,0.751315,-0.659434,-0.125939
-0.998559,0.011517,0.052413,0.179129
0.000000,0.000000,0.000000,1.000000
0.044466,0.699214,0.713528,0.221954
-0.027211,0.714817,-0.698782,-0.135826
-0.998640,0.011656,0.050812,0.179116
0.000000,0.000000,0.000000,1.000000
0.041855,0.738641,0.672798,0.215340
-0.028434,0.673996,-0.738187,-0.146287
-0.998719,0.011767,0.049213,0.178716
0.000000,0.000000,0.000000,1.000000
0.041633,0.776626,0.628584,0.207812
-0.031375,0.629836,-0.776094,-0.156609
-0.998640,0.012589,0.050589,0.179116
0.000000,0.000000,0.000000,1.000000
0.038817,0.813789,0.579863,0.199435
-0.032459,0.581021,-0.813241,-0.166767
-0.998719,0.012746,0.048968,0.179103
0.000000,0.000000,0.000000,1.000000
0.036103,0.845442,0.532845,0.191103
-0.033230,0.533914,-0.844886,-0.175895
-0.998795,0.012797,0.047370,0.179091
0.000000,0.000000,0.000000,1.000000
0.033458,0.873627,0.485444,0.182890
-0.033767,0.486427,-0.873069,-0.184581
-0.998870,0.012819,0.045774,0.178693
0.000000,0.000000,0.000000,1.000000
0.030894,0.897804,0.439311,0.174372
-0.034086,0.440212,-0.897247,-0.192390
-0.998941,0.012745,0.044202,0.178379
0.000000,0.000000,0.000000,1.000000
0.028475,0.919535,0.391975,0.166329
-0.034159,0.392800,-0.918989,-0.199531
-0.999011,0.012779,0.042595,0.177980
0.000000,0.000000,0.000000,1.000000
0.025122,0.939304,0.342164,0.157528
-0.032914,0.342864,-0.938808,-0.206385
-0.999142,0.012323,0.039529,0.177572
0.000000,0.000000,0.000000,1.000000
0.021932,0.955916,0.292819,0.148649
-0.031448,0.293404,-0.955471,-0.213142
-0.999265,0.011747,0.036496,0.176775
0.000000,0.000000,0.000000,1.000000
0.018917,0.970297,0.241175,0.139315
-0.029773,0.241658,-0.969905,-0.219257
-0.999378,0.011168,0.033460,0.176064
0.000000,0.000000,0.000000,1.000000
0.015365,0.981007,0.193363,0.129952
-0.026549,0.193717,-0.980698,-0.224553
-0.999529,0.009934,0.029022,0.175347
0.000000,0.000000,0.000000,1.000000
0.012865,0.989118,0.146563,0.120854
-0.024428,0.146842,-0.988858,-0.229478
-0.999619,0.009141,0.026051,0.174639
0.000000,0.000000,0.000000,1.000000
0.010663,0.994360,0.105524,0.112625
-0.022104,0.105738,-0.994148,-0.233476
-0.999699,0.008268,0.023107,0.174235
0.000000,0.000000,0.000000,1.000000
0.008762,0.997258,0.073476,0.105860
-0.019605,0.073636,-0.997092,-0.236853
-0.999769,0.007296,0.020196,0.173439
0.000000,0.000000,0.000000,1.000000
0.006072,0.999924,0.010690,0.093357
-0.015742,0.010784,-0.999818,-0.242019
-0.999858,0.005903,0.015807,0.172639
0.000000,0.000000,0.000000,1.000000
0.006072,0.999924,0.010690,0.093357
-0.015742,0.010784,-0.999818,-0.242019
-0.999858,0.005903,0.015807,0.172639
0.000000,0.000000,0.000000,1.000000
0.006072,0.999924,0.010690,0.093357
-0.015742,0.010784,-0.999818,-0.242019
-0.999858,0.005903,0.015807,0.172639
0.000000,0.000000,0.000000,1.000000
0.006072,0.999924,0.010690,0.093357
-0.015742,0.010784,-0.999818,-0.242019
-0.999858,0.005903,0.015807,0.172639
0.000000,0.000000,0.000000,1.000000
0.004434,0.999915,0.012246,0.093512
-0.011442,0.012296,-0.999859,-0.241318
-0.999925,0.004293,0.011496,0.171717
0.000000,0.000000,0.000000,1.000000
0.002771,0.999921,0.012262,0.093309
-0.007152,0.012281,-0.999899,-0.240795
-0.999971,0.002683,0.007185,0.170494
0.000000,0.000000,0.000000,1.000000
-0.000000,0.999942,0.010738,0.093104
0.000000,0.010738,-0.999942,-0.241364
-1.000000,-0.000000,-0.000000,0.166473
0.000000,0.000000,0.000000,1.000000
-0.000000,0.999958,0.009204,0.093573
0.000000,0.009204,-0.999958,-0.242578
-1.000000,-0.000000,-0.000000,0.162534
0.000000,0.000000,0.000000,1.000000
-0.000552,0.999957,0.009203,0.093870
0.001431,0.009204,-0.999957,-0.243349
-0.999999,-0.000539,-0.001436,0.156843
0.000000,0.000000,0.000000,1.000000
-0.000000,0.999981,0.006136,0.094146
0.000000,0.006136,-0.999981,-0.245183
-1.000000,-0.000000,-0.000000,0.149722
0.000000,0.000000,0.000000,1.000000
-0.001095,0.999989,0.004600,0.094180
0.002866,0.004603,-0.999985,-0.246401
-0.999995,-0.001082,-0.002871,0.140647
0.000000,0.000000,0.000000,1.000000
-0.001095,0.999989,0.004600,0.094727
0.002866,0.004603,-0.999985,-0.247832
-0.999995,-0.001082,-0.002871,0.130848
0.000000,0.000000,0.000000,1.000000
-0.001087,0.999998,0.001532,0.094272
0.002869,0.001535,-0.999995,-0.248930
-0.999995,-0.001082,-0.002871,0.121769
0.000000,0.000000,0.000000,1.000000
-0.001082,0.999999,-0.000002,0.094049
0.002871,0.000002,-0.999996,-0.249495
-0.999995,-0.001082,-0.002871,0.112410
0.000000,0.000000,0.000000,1.000000
-0.000000,0.999995,-0.003068,0.093472
0.000000,-0.003068,-0.999995,-0.250289
-1.000000,-0.000000,-0.000000,0.103094
0.000000,0.000000,0.000000,1.000000
0.000530,0.999958,-0.009204,0.092310
-0.001439,-0.009203,-0.999957,-0.250692
-0.999999,0.000543,0.001435,0.094138
0.000000,0.000000,0.000000,1.000000
0.000000,0.999925,-0.012272,0.091285
-0.000000,-0.012272,-0.999925,-0.250273
-1.000000,0.000000,0.000000,0.084550
0.000000,0.000000,0.000000,1.000000
-0.000517,0.999830,-0.018407,0.089390
0.001444,-0.018406,-0.999830,-0.249827
-0.999999,-0.000543,-0.001435,0.075352
0.000000,0.000000,0.000000,1.000000
0.001020,0.999735,-0.023009,0.088233
-0.002893,-0.023006,-0.999731,-0.250220
-0.999995,0.001087,0.002869,0.068391
0.000000,0.000000,0.000000,1.000000
0.001517,0.999618,-0.027611,0.087148
-0.004345,-0.027605,-0.999609,-0.249581
-0.999989,0.001636,0.004301,0.062593
0.000000,0.000000,0.000000,1.000000
0.004945,0.999364,-0.035310,0.085168
-0.014520,-0.035235,-0.999274,-0.250057
-0.999882,0.005455,0.014337,0.054101
0.000000,0.000000,0.000000,1.000000
0.004945,0.999364,-0.035310,0.085168
-0.014520,-0.035235,-0.999274,-0.250057
-0.999882,0.005455,0.014337,0.054101
0.000000,0.000000,0.000000,1.000000
0.004945,0.999364,-0.035310,0.085168
-0.014520,-0.035235,-0.999274,-0.250057
-0.999882,0.005455,0.014337,0.054101
0.000000,0.000000,0.000000,1.000000
0.024755,0.999094,-0.034609,0.087901
-0.070896,-0.032778,-0.996945,-0.251737
-0.997176,0.027133,0.070021,0.063828
0.000000,0.000000,0.000000,1.000000
0.024755,0.999094,-0.034609,0.087901
-0.070896,-0.032778,-0.996945,-0.251737
-0.997176,0.027133,0.070021,0.063828
0.000000,0.000000,0.000000,1.000000
0.024755,0.999094,-0.034609,0.087901
-0.070896,-0.032778,-0.996945,-0.251737
-0.997176,0.027133,0.070021,0.063828
0.000000,0.000000,0.000000,1.000000
0.023747,0.999121,-0.034540,0.087741
-0.068008,-0.032855,-0.997144,-0.251279
-0.997402,0.026028,0.067168,0.063793
0.000000,0.000000,0.000000,1.000000
0.022738,0.999147,-0.034473,0.087581
-0.065119,-0.032929,-0.997334,-0.250820
-0.997618,0.024922,0.064314,0.063758
0.000000,0.000000,0.000000,1.000000
0.019205,0.999228,-0.034263,0.087098
-0.055002,-0.033162,-0.997935,-0.249437
-0.998302,0.021050,0.054322,0.064217
0.000000,0.000000,0.000000,1.000000
0.018196,0.999249,-0.034210,0.087203
-0.052110,-0.033221,-0.998089,-0.249739
-0.998476,0.019943,0.051466,0.066181
0.000000,0.000000,0.000000,1.000000
0.016681,0.999278,-0.034135,0.087499
-0.047771,-0.033304,-0.998303,-0.250587
-0.998719,0.018283,0.047181,0.069467
0.000000,0.000000,0.000000,1.000000
0.017691,0.999259,-0.034184,0.088180
-0.050664,-0.033250,-0.998162,-0.252537
-0.998559,0.019390,0.050038,0.074794
0.000000,0.000000,0.000000,1.000000
0.018196,0.999249,-0.034210,0.089040
-0.052110,-0.033221,-0.998089,-0.255000
-0.998476,0.019943,0.051466,0.082102
0.000000,0.000000,0.000000,1.000000
0.018196,0.999249,-0.034210,0.089571
-0.052110,-0.033221,-0.998089,-0.256521
-0.998476,0.019943,0.051466,0.087704
0.000000,0.000000,0.000000,1.000000
0.017691,0.999259,-0.034184,0.090130
-0.050664,-0.033250,-0.998162,-0.258121
-0.998559,0.019390,0.050038,0.095428
0.000000,0.000000,0.000000,1.000000
0.018196,0.999249,-0.034210,0.090874
-0.052110,-0.033221,-0.998089,-0.260251
-0.998476,0.019943,0.051466,0.105362
0.000000,0.000000,0.000000,1.000000
0.019205,0.999228,-0.034263,0.091480
-0.055002,-0.033162,-0.997935,-0.261986
-0.998302,0.021050,0.054322,0.114183
0.000000,0.000000,0.000000,1.000000
0.019710,0.999218,-0.034291,0.091733
-0.056447,-0.033131,-0.997856,-0.262712
-0.998211,0.021603,0.055750,0.121621
0.000000,0.000000,0.000000,1.000000
0.021131,0.999132,-0.035909,0.091420
-0.060816,-0.034566,-0.997550,-0.263113
-0.997925,0.023263,0.060033,0.133416
0.000000,0.000000,0.000000,1.000000
0.023140,0.999083,-0.036036,0.091583
-0.066599,-0.034425,-0.997186,-0.263580
-0.997511,0.025475,0.065741,0.143506
0.000000,0.000000,0.000000,1.000000
0.024251,0.999108,-0.034574,0.091947
-0.069452,-0.032817,-0.997045,-0.263325
-0.997290,0.026581,0.068595,0.152536
0.000000,0.000000,0.000000,1.000000
0.024647,0.999043,-0.036138,0.091245
-0.070934,-0.034311,-0.996891,-0.262608
-0.997176,0.027133,0.070021,0.160103
0.000000,0.000000,0.000000,1.000000
0.024647,0.999043,-0.036138,0.090908
-0.070934,-0.034311,-0.996891,-0.261637
-0.997176,0.027133,0.070021,0.168939
0.000000,0.000000,0.000000,1.000000
0.024647,0.999043,-0.036138,0.090460
-0.070934,-0.034311,-0.996891,-0.260348
-0.997176,0.027133,0.070021,0.177420
0.000000,0.000000,0.000000,1.000000
0.025149,0.999029,-0.036174,0.089897
-0.072379,-0.034271,-0.996788,-0.258727
-0.997060,0.027686,0.071447,0.185656
0.000000,0.000000,0.000000,1.000000
0.027658,0.998956,-0.036363,0.089194
-0.079601,-0.034060,-0.996245,-0.256704
-0.996443,0.030448,0.078576,0.194791
0.000000,0.000000,0.000000,1.000000
0.031669,0.998824,-0.036702,0.088411
-0.091145,-0.033682,-0.995268,-0.254453
-0.995334,0.034864,0.089971,0.204865
0.000000,0.000000,0.000000,1.000000
0.032527,0.998736,-0.038321,0.087465
-0.094079,-0.035111,-0.994945,-0.252981
-0.995033,0.035968,0.092818,0.209755
0.000000,0.000000,0.000000,1.000000
0.034023,0.998681,-0.038463,0.086745
-0.098406,-0.034951,-0.994532,-0.250898
-0.994565,0.037622,0.097087,0.215584
0.000000,0.000000,0.000000,1.000000
0.034023,0.998681,-0.038463,0.086338
-0.098406,-0.034951,-0.994532,-0.249721
-0.994565,0.037622,0.097087,0.218720
0.000000,0.000000,0.000000,1.000000
0.034521,0.998662,-0.038512,0.085953
-0.099848,-0.034896,-0.994391,-0.248608
-0.994404,0.038173,0.098510,0.222143
0.000000,0.000000,0.000000,1.000000
0.034521,0.998662,-0.038512,0.085953
-0.099848,-0.034896,-0.994391,-0.248608
-0.994404,0.038173,0.098510,0.222143
0.000000,0.000000,0.000000,1.000000
0.034521,0.998662,-0.038512,0.085953
-0.099848,-0.034896,-0.994391,-0.248608
-0.994404,0.038173,0.098510,0.222143
0.000000,0.000000,0.000000,1.000000
0.034521,0.998662,-0.038512,0.085953
-0.099848,-0.034896,-0.994391,-0.248608
-0.994404,0.038173,0.098510,0.222143
0.000000,0.000000,0.000000,1.000000
0.034368,0.998412,-0.044633,0.085572
-0.099901,-0.041004,-0.994152,-0.248739
-0.994404,0.038626,0.098333,0.222143
0.000000,0.000000,0.000000,1.000000
0.034368,0.998412,-0.044633,0.085572
-0.099901,-0.041004,-0.994152,-0.248739
-0.994404,0.038626,0.098333,0.222143
0.000000,0.000000,0.000000,1.000000
0.035020,0.998454,-0.043157,0.086032
-0.101289,-0.039416,-0.994076,-0.248836
-0.994240,0.039184,0.099753,0.222169
0.000000,0.000000,0.000000,1.000000
0.034521,0.998474,-0.043108,0.085953
-0.099848,-0.039472,-0.994219,-0.248608
-0.994404,0.038626,0.098333,0.222143
0.000000,0.000000,0.000000,1.000000
0.035175,0.998514,-0.041632,0.086414
-0.101236,-0.037884,-0.994141,-0.248704
-0.994240,0.039184,0.099753,0.222169
0.000000,0.000000,0.000000,1.000000
0.035796,0.998727,-0.035532,0.087797
-0.101018,-0.031756,-0.994378,-0.247771
-0.994240,0.039184,0.099753,0.222546
0.000000,0.000000,0.000000,1.000000
0.035896,0.998924,-0.029378,0.089377
-0.099362,-0.025684,-0.994720,-0.247398
-0.994404,0.038626,0.098333,0.222143
0.000000,0.000000,0.000000,1.000000
0.037113,0.999164,-0.017169,0.092407
-0.098914,-0.013424,-0.995005,-0.246282
-0.994404,0.038626,0.098333,0.222143
0.000000,0.000000,0.000000,1.000000
0.039642,0.999211,0.002619,0.097389
-0.099571,0.006558,-0.995009,-0.244615
-0.994240,0.039184,0.099753,0.222169
0.000000,0.000000,0.000000,1.000000
0.042074,0.998749,0.027037,0.103315
-0.098568,0.031078,-0.994645,-0.242040
-0.994240,0.039184,0.099753,0.222451
0.000000,0.000000,0.000000,1.000000
0.044142,0.997535,0.054550,0.109907
-0.095983,0.058586,-0.993657,-0.238986
-0.994404,0.038626,0.098333,0.222143
0.000000,0.000000,0.000000,1.000000
0.046920,0.995404,0.083484,0.116825
-0.094656,0.087630,-0.991646,-0.235681
-0.994404,0.038626,0.098333,0.222143
0.000000,0.000000,0.000000,1.000000
0.050666,0.992037,0.115308,0.124470
-0.094440,0.119698,-0.988308,-0.232010
-0.994240,0.039184,0.099753,0.222169
0.000000,0.000000,0.000000,1.000000
0.053681,0.987667,0.147079,0.131878
-0.092759,0.151587,-0.984082,-0.227880
-0.994240,0.039184,0.099753,0.222169
0.000000,0.000000,0.000000,1.000000
0.056920,0.981705,0.181701,0.139834
-0.090808,0.186332,-0.978281,-0.223087
-0.994240,0.039184,0.099753,0.222169
0.000000,0.000000,0.000000,1.000000
0.060223,0.974182,0.217585,0.147950
-0.088651,0.222340,-0.970931,-0.217789
-0.994240,0.039184,0.099753,0.222169
0.000000,0.000000,0.000000,1.000000
0.062804,0.964577,0.256216,0.156624
-0.084953,0.260958,-0.961605,-0.211861
-0.994404,0.038626,0.098333,0.221765
0.000000,0.000000,0.000000,1.000000
0.068051,0.953330,0.294163,0.165249
-0.084760,0.299305,-0.950385,-0.205825
-0.994075,0.039741,0.101172,0.221817
0.000000,0.000000,0.000000,1.000000
0.069861,0.938631,0.337775,0.174780
-0.079251,0.342754,-0.936076,-0.198274
-0.994404,0.038626,0.098333,0.221006
0.000000,0.000000,0.000000,1.000000
0.074375,0.922418,0.378963,0.183801
-0.077164,0.384200,-0.920020,-0.190696
-0.994240,0.039184,0.099753,0.220935
0.000000,0.000000,0.000000,1.000000
0.076849,0.903156,0.422379,0.193093
-0.072495,0.427572,-0.901070,-0.182153
-0.994404,0.038626,0.098333,0.220147
0.000000,0.000000,0.000000,1.000000
0.077892,0.881899,0.464960,0.201891
-0.066774,0.469944,-0.880167,-0.173075
-0.994723,0.037510,0.095493,0.219049
0.000000,0.000000,0.000000,1.000000
0.079773,0.858608,0.506388,0.210357
-0.062059,0.511300,-0.857159,-0.163646
-0.994879,0.036952,0.094072,0.218257
0.000000,0.000000,0.000000,1.000000
0.081473,0.832531,0.547954,0.218276
-0.057193,0.552781,-0.831361,-0.153227
-0.995033,0.036394,0.092652,0.217848
0.000000,0.000000,0.000000,1.000000
0.082730,0.806267,0.585738,0.225590
-0.052566,0.590465,-0.805349,-0.143339
-0.995185,0.035836,0.091231,0.217053
0.000000,0.000000,0.000000,1.000000
0.083735,0.778297,0.622287,0.232454
-0.047946,0.626904,-0.777620,-0.133100
-0.995334,0.035278,0.089810,0.216256
0.000000,0.000000,0.000000,1.000000
0.084427,0.749696,0.656375,0.238561
-0.043476,0.660871,-0.749239,-0.122846
-0.995481,0.034720,0.088389,0.215741
0.000000,0.000000,0.000000,1.000000
0.084830,0.720676,0.688062,0.243873
-0.039170,0.692430,-0.720421,-0.112609
-0.995625,0.034162,0.086967,0.215044
0.000000,0.000000,0.000000,1.000000
0.083660,0.689266,0.719662,0.248952
-0.034203,0.723755,-0.689209,-0.101780
-0.995907,0.033045,0.084124,0.214220
0.000000,0.000000,0.000000,1.000000
0.083660,0.656445,0.749721,0.253776
-0.029934,0.753674,-0.656566,-0.090802
-0.996045,0.032486,0.082702,0.213416
0.000000,0.000000,0.000000,1.000000
0.083448,0.622326,0.778297,0.258112
-0.025734,0.782106,-0.622613,-0.079596
-0.996180,0.031927,0.081280,0.212609
0.000000,0.000000,0.000000,1.000000
0.081552,0.587023,0.805452,0.261716
-0.021227,0.808984,-0.587448,-0.068122
-0.996443,0.030810,0.078435,0.211780
0.000000,0.000000,0.000000,1.000000
0.082495,0.546621,0.833307,0.265432
-0.017200,0.836813,-0.547218,-0.055342
-0.996443,0.030810,0.078435,0.211277
0.000000,0.000000,0.000000,1.000000
0.078651,0.509003,0.857164,0.267820
-0.012779,0.860272,-0.509675,-0.043514
-0.996820,0.029133,0.074166,0.210138
0.000000,0.000000,0.000000,1.000000
0.077623,0.470286,0.879094,0.270051
-0.009091,0.882051,-0.471066,-0.031627
-0.996941,0.028574,0.072742,0.209324
0.000000,0.000000,0.000000,1.000000
0.079484,0.429167,0.899721,0.271758
-0.005618,0.902755,-0.430118,-0.019208
-0.996820,0.029133,0.074166,0.209232
0.000000,0.000000,0.000000,1.000000
0.075074,0.385899,0.919481,0.272948
-0.001728,0.922132,-0.386871,-0.006282
-0.997176,0.027455,0.069895,0.207689
0.000000,0.000000,0.000000,1.000000
0.073545,0.343111,0.936411,0.273105
0.001693,0.938910,-0.344159,0.006285
-0.997290,0.026896,0.068471,0.207270
0.000000,0.000000,0.000000,1.000000
0.074931,0.302438,0.950219,0.273121
0.004950,0.952774,-0.303641,0.018042
-0.997176,0.027455,0.069895,0.207175
0.000000,0.000000,0.000000,1.000000
0.073153,0.264249,0.961676,0.272737
0.007772,0.964079,-0.265500,0.028976
-0.997290,0.026896,0.068471,0.206353
0.000000,0.000000,0.000000,1.000000
0.071287,0.227132,0.971251,0.271973
0.010351,0.973508,-0.228420,0.039491
-0.997402,0.026337,0.067047,0.205528
0.000000,0.000000,0.000000,1.000000
0.066379,0.194271,0.978699,0.270651
0.011938,0.980638,-0.195465,0.048675
-0.997723,0.024658,0.062775,0.204379
0.000000,0.000000,0.000000,1.000000
0.066024,0.167123,0.983723,0.269879
0.013766,0.985628,-0.168371,0.056269
-0.997723,0.024658,0.062775,0.203856
0.000000,0.000000,0.000000,1.000000
0.064199,0.144439,0.987429,0.268759
0.014935,0.989220,-0.145672,0.062521
-0.997825,0.024099,0.061350,0.203143
0.000000,0.000000,0.000000,1.000000
0.063838,0.121641,0.990519,0.267249
0.016408,0.992282,-0.122915,0.068688
-0.997825,0.024099,0.061350,0.203143
0.000000,0.000000,0.000000,1.000000
0.066447,0.101757,0.992588,0.266197
0.018498,0.994490,-0.103190,0.074106
-0.997618,0.025218,0.064199,0.203466
0.000000,0.000000,0.000000,1.000000
0.063162,0.083507,0.994503,0.264796
0.018843,0.996216,-0.084848,0.078996
-0.997825,0.024099,0.061350,0.202736
0.000000,0.000000,0.000000,1.000000
0.062805,0.065156,0.995897,0.263951
0.020003,0.997584,-0.066528,0.084065
-0.997825,0.024099,0.061350,0.202209
0.000000,0.000000,0.000000,1.000000
0.059526,0.046851,0.997127,0.262364
0.020173,0.998638,-0.048126,0.088911
-0.998023,0.022979,0.058500,0.201478
0.000000,0.000000,0.000000,1.000000
0.059178,0.029994,0.997797,0.261195
0.021174,0.999286,-0.031295,0.093457
-0.998023,0.022979,0.058500,0.201068
0.000000,0.000000,0.000000,1.000000
0.061712,0.014595,0.997987,0.259819
0.023155,0.999603,-0.016050,0.097486
-0.997825,0.024099,0.061350,0.201510
0.000000,0.000000,0.000000,1.000000
0.061748,0.016128,0.997961,0.259968
0.023060,0.999579,-0.017581,0.097087
-0.997825,0.024099,0.061350,0.201510
0.000000,0.000000,0.000000,1.000000
0.061748,0.016128,0.997961,0.259968
0.023060,0.999579,-0.017581,0.097087
-0.997825,0.024099,0.061350,0.201510
0.000000,0.000000,0.000000,1.000000
0.061783,0.017661,0.997933,0.260117
0.022965,0.999554,-0.019112,0.096688
-0.997825,0.024099,0.061350,0.201510
0.000000,0.000000,0.000000,1.000000
0.063218,0.017626,0.997844,0.260619
0.023499,0.999541,-0.019145,0.096875
-0.997723,0.024658,0.062775,0.201407
0.000000,0.000000,0.000000,1.000000
0.064652,0.017591,0.997753,0.260938
0.024032,0.999527,-0.019179,0.096994
-0.997618,0.025218,0.064199,0.201132
0.000000,0.000000,0.000000,1.000000
0.073172,0.014292,0.997217,0.261636
0.027455,0.999490,-0.016339,0.098168
-0.996941,0.028574,0.072742,0.201650
0.000000,0.000000,0.000000,1.000000
0.078853,0.012589,0.996807,0.262941
0.029724,0.999446,-0.014973,0.099118
-0.996443,0.030810,0.078435,0.200737
0.000000,0.000000,0.000000,1.000000
0.078807,0.011055,0.996829,0.263489
0.029845,0.999464,-0.013444,0.099786
-0.996443,0.030810,0.078435,0.197646
0.000000,0.000000,0.000000,1.000000
0.071699,0.014330,0.997323,0.264266
0.027027,0.999502,-0.016304,0.099617
-0.997060,0.028124,0.071276,0.192140
0.000000,0.000000,0.000000,1.000000
0.065973,0.014485,0.997716,0.264503
0.024869,0.999560,-0.016156,0.099706
-0.997511,0.025878,0.065584,0.186559
0.000000,0.000000,0.000000,1.000000
0.057346,0.013159,0.998268,0.264558
0.021718,0.999660,-0.014425,0.100191
-0.998118,0.022507,0.057041,0.179295
0.000000,0.000000,0.000000,1.000000
0.048724,0.011805,0.998742,0.264237
0.018538,0.999747,-0.012721,0.100533
-0.998640,0.019134,0.048493,0.171198
0.000000,0.000000,0.000000,1.000000
0.047237,0.008765,0.998845,0.264269
0.018138,0.999789,-0.009631,0.101474
-0.998719,0.018572,0.047068,0.163536
0.000000,0.000000,0.000000,1.000000
0.042895,0.007306,0.999053,0.263026
0.016622,0.999830,-0.008025,0.101924
-0.998941,0.016951,0.042766,0.155735
0.000000,0.000000,0.000000,1.000000
0.041442,0.005796,0.999124,0.262057
0.016132,0.999849,-0.006470,0.102011
-0.999011,0.016386,0.041342,0.148227
0.000000,0.000000,0.000000,1.000000
0.039965,0.002752,0.999197,0.260080
0.015699,0.999871,-0.003381,0.102162
-0.999078,0.015821,0.039917,0.141227
0.000000,0.000000,0.000000,1.000000
0.041342,-0.000339,0.999145,0.258278
0.016386,0.999866,-0.000339,0.102369
-0.999011,0.016386,0.041342,0.134229
0.000000,0.000000,0.000000,1.000000
0.037045,-0.001806,0.999312,0.255709
0.014749,0.999890,0.001261,0.101806
-0.999205,0.014692,0.037067,0.126768
0.000000,0.000000,0.000000,1.000000
0.035599,-0.001787,0.999365,0.253573
0.014236,0.999898,0.001280,0.101406
-0.999265,0.014182,0.035621,0.119235
0.000000,0.000000,0.000000,1.000000
0.034155,-0.003301,0.999411,0.251101
0.013720,0.999902,0.002833,0.100864
-0.999322,0.013615,0.034197,0.111426
0.000000,0.000000,0.000000,1.000000
0.031271,-0.006331,0.999491,0.247935
0.012673,0.999902,0.005937,0.100477
-0.999431,0.012481,0.031348,0.103651
0.000000,0.000000,0.000000,1.000000
0.029813,-0.009381,0.999511,0.244536
0.012188,0.999885,0.009021,0.099974
-0.999481,0.011913,0.029924,0.096640
0.000000,0.000000,0.000000,1.000000
0.028376,-0.010899,0.999538,0.240822
0.011652,0.999876,0.010572,0.098887
-0.999529,0.011346,0.028499,0.090077
0.000000,0.000000,0.000000,1.000000
0.029756,-0.012450,0.999480,0.237974
0.012325,0.999851,0.012087,0.098572
-0.999481,0.011959,0.029905,0.084275
0.000000,0.000000,0.000000,1.000000
0.029718,-0.015517,0.999438,0.235182
0.012417,0.999808,0.015154,0.098262
-0.999481,0.011959,0.029905,0.079008
0.000000,0.000000,0.000000,1.000000
0.029680,-0.018584,0.999387,0.232260
0.012508,0.999756,0.018220,0.097879
-0.999481,0.011959,0.029905,0.074745
0.000000,0.000000,0.000000,1.000000
0.028249,-0.020101,0.999399,0.229926
0.011956,0.999733,0.019770,0.097311
-0.999529,0.011390,0.028482,0.070901
0.000000,0.000000,0.000000,1.000000
0.025408,-0.020071,0.999476,0.226467
0.010799,0.999746,0.019802,0.096257
-0.999619,0.010291,0.025619,0.064170
0.000000,0.000000,0.000000,1.000000
0.025392,-0.021605,0.999444,0.225866
0.010838,0.999714,0.021335,0.096411
-0.999619,0.010291,0.025619,0.063046
0.000000,0.000000,0.000000,1.000000
0.025392,-0.021605,0.999444,0.225866
0.010838,0.999714,0.021335,0.096411
-0.999619,0.010291,0.025619,0.063046
0.000000,0.000000,0.000000,1.000000
0.023981,-0.020057,0.999511,0.225528
0.010236,0.999751,0.019817,0.096267
-0.999660,0.009756,0.024181,0.062759
0.000000,0.000000,0.000000,1.000000
0.029603,-0.020120,0.999359,0.226274
0.012690,0.999724,0.019751,0.096996
-0.999481,0.012097,0.029850,0.062787
0.000000,0.000000,0.000000,1.000000
0.032313,0.030430,0.999014,0.227519
0.014146,0.999422,-0.030900,0.099602
-0.999378,0.015131,0.031864,0.040584
0.000000,0.000000,0.000000,1.000000
0.032313,0.030430,0.999014,0.227519
0.014146,0.999422,-0.030900,0.099602
-0.999378,0.015131,0.031864,0.040584
0.000000,0.000000,0.000000,1.000000
0.030909,0.030451,0.999058,0.227296
0.013531,0.999431,-0.030881,0.099505
-0.999431,0.014473,0.030479,0.040576
0.000000,0.000000,0.000000,1.000000
0.029505,0.030471,0.999100,0.227213
0.012916,0.999440,-0.030863,0.099468
-0.999481,0.013815,0.029095,0.040834
0.000000,0.000000,0.000000,1.000000
0.030909,0.030451,0.999058,0.227715
0.013531,0.999431,-0.030881,0.099688
-0.999431,0.014473,0.030479,0.041375
0.000000,0.000000,0.000000,1.000000
0.025291,0.030525,0.999214,0.227374
0.011072,0.999464,-0.030813,0.099538
-0.999619,0.011842,0.024939,0.041772
0.000000,0.000000,0.000000,1.000000
0.018267,0.030597,0.999365,0.226809
0.007997,0.999495,-0.030747,0.099291
-0.999801,0.008553,0.018013,0.042814
0.000000,0.000000,0.000000,1.000000
0.011234,0.029112,0.999513,0.226762
0.004938,0.999562,-0.029169,0.099686
-0.999925,0.005264,0.011085,0.044569
0.000000,0.000000,0.000000,1.000000
0.009836,0.030652,0.999482,0.228273
0.004306,0.999520,-0.030696,0.099932
-0.999942,0.004606,0.009700,0.047819
0.000000,0.000000,0.000000,1.000000
0.015457,0.030619,0.999412,0.231186
0.006767,0.999505,-0.030726,0.101207
-0.999858,0.007238,0.015242,0.052217
0.000000,0.000000,0.000000,1.000000
0.025291,0.030525,0.999214,0.235932
0.011072,0.999464,-0.030813,0.103285
-0.999619,0.011842,0.024939,0.059772
0.000000,0.000000,0.000000,1.000000
0.030888,0.030450,0.999059,0.239252
0.013579,0.999431,-0.030882,0.105176
-0.999431,0.014520,0.030457,0.066600
0.000000,0.000000,0.000000,1.000000
0.037930,0.030338,0.998820,0.243165
0.016605,0.999382,-0.030985,0.106451
-0.999142,0.017761,0.037403,0.074411
0.000000,0.000000,0.000000,1.000000
0.042142,0.030259,0.998653,0.246174
0.018449,0.999347,-0.031058,0.107769
-0.998941,0.019733,0.041556,0.082322
0.000000,0.000000,0.000000,1.000000
0.049159,0.031640,0.998290,0.249466
0.021521,0.999233,-0.032730,0.109210
-0.998559,0.023093,0.048441,0.090955
0.000000,0.000000,0.000000,1.000000
0.057576,0.029898,0.997893,0.252357
0.025205,0.999189,-0.031391,0.110475
-0.998023,0.026960,0.056776,0.099817
0.000000,0.000000,0.000000,1.000000
0.068745,0.029562,0.997196,0.255023
0.030221,0.999040,-0.031701,0.112109
-0.997176,0.032315,0.067786,0.109822
0.000000,0.000000,0.000000,1.000000
0.079942,0.027641,0.996416,0.257361
0.035143,0.998916,-0.030530,0.113137
-0.996180,0.037457,0.078884,0.119315
0.000000,0.000000,0.000000,1.000000
0.088272,0.027305,0.995722,0.258693
0.038967,0.998764,-0.030842,0.114196
-0.995334,0.041522,0.087099,0.128827
0.000000,0.000000,0.000000,1.000000
0.097978,0.025342,0.994866,0.259860
0.043431,0.998614,-0.029715,0.115188
-0.994240,0.046119,0.096742,0.138710
0.000000,0.000000,0.000000,1.000000
0.108976,0.020208,0.993839,0.260369
0.048706,0.998484,-0.025643,0.116371
-0.992850,0.051201,0.107826,0.149054
0.000000,0.000000,0.000000,1.000000
0.120009,0.019596,0.992579,0.260632
0.053858,0.998204,-0.026219,0.116968
-0.991311,0.056605,0.118738,0.159096
0.000000,0.000000,0.000000,1.000000
0.131008,0.017402,0.991229,0.260444
0.059036,0.997935,-0.025323,0.117364
-0.989622,0.061836,0.129710,0.169424
0.000000,0.000000,0.000000,1.000000
0.143352,0.013539,0.989579,0.259809
0.064863,0.997628,-0.023045,0.117558
-0.987544,0.067491,0.142133,0.179543
0.000000,0.000000,0.000000,1.000000
0.155651,0.012639,0.987731,0.258488
0.070716,0.997210,-0.023904,0.117438
-0.985278,0.073569,0.154323,0.189700
0.000000,0.000000,0.000000,1.000000
0.165158,0.010368,0.986213,0.257593
0.075342,0.996890,-0.023098,0.117509
-0.983385,0.078118,0.163864,0.197630
0.000000,0.000000,0.000000,1.000000
0.170525,0.008396,0.985317,0.256115
0.078106,0.996702,-0.022010,0.117309
-0.982253,0.080713,0.169307,0.204188
0.000000,0.000000,0.000000,1.000000
0.177245,0.006293,0.984147,0.255126
0.081513,0.996450,-0.021052,0.117330
-0.980785,0.083953,0.176103,0.210064
0.000000,0.000000,0.000000,1.000000
0.178485,0.004647,0.983932,0.254065
0.082416,0.996404,-0.019656,0.117315
-0.980485,0.084600,0.177461,0.213589
0.000000,0.000000,0.000000,1.000000
0.178359,0.003119,0.983961,0.253024
0.082689,0.996410,-0.018147,0.117305
-0.980485,0.084600,0.177461,0.216182
0.000000,0.000000,0.000000,1.000000
0.178359,0.003119,0.983961,0.252333
0.082689,0.996410,-0.018147,0.116985
-0.980485,0.084600,0.177461,0.218190
0.000000,0.000000,0.000000,1.000000
0.191571,-0.004192,0.981470,0.250759
0.089888,0.995863,-0.013292,0.117660
-0.977354,0.090769,0.191155,0.223508
0.000000,0.000000,0.000000,1.000000
0.191571,-0.004192,0.981470,0.250759
0.089888,0.995863,-0.013292,0.117660
-0.977354,0.090769,0.191155,0.223508
0.000000,0.000000,0.000000,1.000000
0.190214,-0.004066,0.981734,0.250924
0.089251,0.995922,-0.013167,0.117737
-0.977677,0.090126,0.189801,0.223083
0.000000,0.000000,0.000000,1.000000
0.191571,-0.004192,0.981470,0.250759
0.089888,0.995863,-0.013292,0.117660
-0.977354,0.090769,0.191155,0.223508
0.000000,0.000000,0.000000,1.000000
0.192928,-0.004318,0.981203,0.250974
0.090525,0.995804,-0.013417,0.117761
-0.977028,0.091412,0.192509,0.223560
0.000000,0.000000,0.000000,1.000000
0.196200,-0.002977,0.980559,0.252123
0.090596,0.995773,-0.015104,0.116418
-0.976370,0.091798,0.195641,0.223664
0.000000,0.000000,0.000000,1.000000
0.199894,0.005954,0.979799,0.254281
0.089710,0.995670,-0.024352,0.114118
-0.975702,0.092765,0.198494,0.223112
0.000000,0.000000,0.000000,1.000000
0.201511,0.021275,0.979255,0.256484
